32,/IEEE34,0, 5
33,/IEEE34,0, 5
34,/IEEE34,0, 5
35,/IEEE34,0, 5
36,/IEEE34,0, 5
37,/IEEE34,0, 5
38,/IEEE34,0, 5
39,/IEEE34,0, 5
40,/IEEE34,0, 5
41,/IEEE34,0, 5
42,/IEEE34,0, 0
43,/IEEE34,0, 1
44,/IEEE34,0, 2
45,/IEEE34,0, 3
46,/IEEE34,0, 4
47,/IEEE34,0, 5
48,/IEEE34,0, 6
49,/IEEE34,0, 7
50,/IEEE34,0, 8
51,/IEEE34,0, 9
57,/IEEE34,0, 0
1
58,/IEEE34,0, 0
0
59,/IEEE34,0, 0
1
60,/IEEE34,0, 0
0
61,/IEEE34,0, 0
1
62,/IEEE34,0, 0
0
63,/IEEE34,0, 0
1
64,/IEEE34,0, 0
0
65,/IEEE34,0, 0
1
66,/IEEE34,0, 0
0
67,/IEEE34,0, 0
1
68,/IEEE34,0, 0
0
69,/IEEE34,0, 0
1
71,/IEEE34,0, 0
1
72,/IEEE34,0, 0
1
73,/IEEE34,0, 0
1
74,/IEEE34,0, 0
0
75,/IEEE34,0, 0
1
76,/IEEE34,0, 0
0
77,/IEEE34,0, 0
1
78,/IEEE34,0, 0
0
79,/IEEE34,0, 0
1
80,/IEEE34,0, 0
0
81,/IEEE34,0, 0
1
82,/IEEE34,0, 0
0
83,/IEEE34,0, 0
0
84,/IEEE34,0, 0
0
85,/IEEE34,0, 0
0
86,/IEEE34,0, 0
0
87,/IEEE34,0, 0
0
88,/IEEE34,0, 0
0
89,/IEEE34,0, 0
0
90,/IEEE34,0, 0
0
91,/IEEE34,0, 0
0
92,/IEEE34,0, 0
0
93,/IEEE34,0, 0
0
94,/IEEE34,0, 0
0
95,/IEEE34,0, 0
0
96,/IEEE34,0, 0
0
97,/IEEE34,0, 0
0
98,/IEEE34,0, 0
0
99,/IEEE34,0, 0
0
100,/IEEE34,0, 0
0
101,/IEEE34,0, 0
0
102,/IEEE34,0, 0
0
103,/IEEE34,0, 0
0
104,/IEEE34,0, 0
0
105,/IEEE34,0, 0
0
106,/IEEE34,0, 0
0
107,/IEEE34,0, 0
0
108,/IEEE34,0, 0
0
109,/IEEE34,0, 0
0
110,/IEEE34,0, 0
0
111,/IEEE34,0, 0
0
112,/IEEE34,0, 0
0
113,/IEEE34,0, 0
0
114,/IEEE34,0, 0
0
115,/IEEE34,0, 0
0
116,/IEEE34,0, 0
0
117,/IEEE34,0, 0
0
118,/IEEE34,0, 0
0
119,/IEEE34,0, 0
0
120,/IEEE34,0, 0
0
121,/IEEE34,0, 0
0
122,/IEEE34,0, 0
0
123,/IEEE34,0, 0
0
124,/IEEE34,0, 0
0
125,/IEEE34,0, 0
0
126,/IEEE34,0, 0
0
127,/IEEE34,0, 0
0
128,/IEEE34,0, 0
0
129,/IEEE34,0, 0
0
130,/IEEE34,0, 0
0
131,/IEEE34,0, 0
0
132,/IEEE34,0, 0
0
133,/IEEE34,0, 0
0
134,/IEEE34,0, 0
0
135,/IEEE34,0, 0
0
136,/IEEE34,0, 0
0
137,/IEEE34,0, 0
0
138,/IEEE34,0, 0
0
139,/IEEE34,0, 0
0
140,/IEEE34,0, 0
0
141,/IEEE34,0, 0
0
142,/IEEE34,0, 0
0
143,/IEEE34,0, 0
0
144,/IEEE34,0, 0
0
145,/IEEE34,0, 0
0
146,/IEEE34,0, 0
0
147,/IEEE34,0, 0
0
148,/IEEE34,0, 0
0
149,/IEEE34,0, 0
0
150,/IEEE34,0, 0
0
151,/IEEE34,0, 0
0
152,/IEEE34,0, 0
0
153,/IEEE34,0, 0
0
154,/IEEE34,0, 0
0
155,/IEEE34,0, 0
0
156,/IEEE34,0, 0
0
157,/IEEE34,0, 0
0
158,/IEEE34,0, 0
0
159,/IEEE34,0, 0
0
160,/IEEE34,0, 0
0
161,/IEEE34,0, 0
0
162,/IEEE34,0, 0
0
163,/IEEE34,0, 0
0
164,/IEEE34,0, 0
0
165,/IEEE34,0, 0
0
166,/IEEE34,0, 0
0
167,/IEEE34,0, 0
0
168,/IEEE34,0, 0
0
169,/IEEE34,0, 0
0
170,/IEEE34,0, 0
0
171,/IEEE34,0, 0
0
172,/IEEE34,0, 0
0
173,/IEEE34,0, 0
0
174,/IEEE34,0, 0
0
175,/IEEE34,0, 0
0
176,/IEEE34,0, 0
0
177,/IEEE34,0, 0
0
178,/IEEE34,0, 0
0
179,/IEEE34,0, 0
0
180,/IEEE34,0, 0
0
181,/IEEE34,0, 0
0
