0,0,163537
0,1,1.99611e+06
0,2,441051
0,3,-407425
0,4,-4.97296e+06
0,5,-1.0988e+06
0,6,243888
0,7,2.97685e+06
0,8,657752
0,92,-1.77961e+06
0,93,-4.36022e+06
0,94,697884
0,95,1.06529e+06
0,96,2.61006e+06
0,97,-417759
1,0,562800
1,1,12621.3
1,2,2.34283e+06
1,3,-1.40212e+06
1,4,-31443.8
1,5,-5.83677e+06
1,6,839321
1,7,18822.5
1,8,3.49394e+06
1,92,1.10043e+06
1,93,-1.61774e+06
1,94,-5.32087e+06
1,95,-658726
1,96,968389
1,97,3.18511e+06
2,3,243888
2,4,2.97685e+06
2,5,657752
2,6,-256979
2,7,-3.13664e+06
2,8,-693058
2,9,13091.1
2,10,159788
2,11,35306
2,92,1.06529e+06
2,93,2.61006e+06
2,94,-417759
2,95,-1.12247e+06
2,96,-2.75016e+06
2,97,440183
2,98,57181.2
2,99,140100
2,100,-22423.9
3,3,839321
3,4,18822.5
3,5,3.49394e+06
3,6,-884373
3,7,-19832.8
3,8,-3.68148e+06
3,9,45052
3,10,1010.33
3,11,187543
3,92,-658726
3,93,968389
3,94,3.18511e+06
3,95,694084
3,96,-1.02037e+06
3,97,-3.35608e+06
3,98,-35358.2
3,99,51979.9
3,100,170966
4,6,24545.8
4,7,299602
4,8,66198.7
4,9,-45642.1
4,10,-1.58881e+06
4,11,-123094
4,12,1.03171e+06
4,13,21096.3
4,14,257498
4,15,56895.6
4,95,107215
4,96,262687
4,97,-42044.8
4,98,-199362
4,99,-1.06329e+06
4,100,78181
4,101,574828
4,102,92147.5
4,103,225770
4,104,-36136.1
5,10,1.03171e+06
5,12,-1.03171e+06
5,99,574828
5,101,-574828
6,19,-1.23993e+07
6,20,-8.95547e+07
6,21,-1.28915e+07
6,25,365379
6,26,2.63897e+06
6,27,379883
6,60,1.20339e+07
6,61,8.69157e+07
6,62,1.25116e+07
6,108,-2.46024e+07
6,109,-5.79191e+07
6,110,1.61746e+07
6,114,724977
6,115,1.70674e+06
6,116,-476629
6,149,2.38775e+07
6,150,5.62123e+07
6,151,-1.5698e+07
7,19,1.77148e+06
7,22,-1.8344e+06
7,23,62912.5
7,108,1.06103e+06
7,111,-1.09871e+06
7,112,37681.4
8,22,12657
8,23,-57011.6
8,24,44354.6
8,111,7580.87
8,112,-34147
8,113,26566.2
9,23,55525.4
9,24,-55525.4
9,112,33256.9
9,113,-33256.9
10,19,40597.6
10,20,293219
10,21,42209.2
10,25,-534052
10,26,-4.58185e+06
10,27,-555252
10,28,724624
10,29,493454
10,30,3.56401e+06
10,31,513043
10,108,80553
10,109,189638
10,110,-52958.8
10,114,-1.05966e+06
10,115,-2.91099e+06
10,116,696660
10,117,416350
10,118,979102
10,119,2.305e+06
10,120,-643701
11,19,475081
11,20,239079
11,21,3.27237e+06
11,25,-6.24957e+06
11,26,-3.14502e+06
11,27,-4.30472e+07
11,29,5.77449e+06
11,30,2.90595e+06
11,31,3.97749e+07
11,108,-731446
11,109,743184
11,110,2.18205e+06
11,114,9.62199e+06
11,115,-9.7764e+06
11,116,-2.87044e+07
11,118,-8.89055e+06
11,119,9.03322e+06
11,120,2.65223e+07
12,26,815202
12,28,-815202
12,115,468393
12,117,-468393
13,25,2.41679e+07
13,26,3.38068e+06
13,27,2.34335e+06
13,29,-2.51611e+07
13,30,-3.51962e+06
13,31,-2.43965e+06
13,32,993200
13,33,138932
13,34,96302
13,114,1.55995e+07
13,115,-6.24803e+06
13,116,5.76571e+06
13,118,-1.62406e+07
13,119,6.5048e+06
13,120,-6.00266e+06
13,121,641077
13,122,-256768
13,123,236947
14,25,5.77449e+06
14,26,2.90595e+06
14,27,3.97749e+07
14,29,-6.0118e+06
14,30,-3.02537e+06
14,31,-4.14094e+07
14,32,237308
14,33,119422
14,34,1.63458e+06
14,114,-8.89055e+06
14,115,9.03322e+06
14,116,2.65223e+07
14,118,9.25591e+06
14,119,-9.40445e+06
14,120,-2.76123e+07
14,121,-365365
14,122,371228
14,123,1.08996e+06
15,29,257496
15,30,36019.5
15,31,24967.2
15,32,-1.03791e+07
15,33,-1.45186e+06
15,34,-1.00637e+06
15,66,1.01216e+07
15,67,1.41584e+06
15,68,981402
15,118,166205
15,119,-66569.6
15,120,61430.7
15,121,-6.69935e+06
15,122,2.68327e+06
15,123,-2.47613e+06
15,155,6.53314e+06
15,156,-2.6167e+06
15,157,2.4147e+06
16,29,45627.6
16,30,329548
16,31,47438.9
16,32,-1.83914e+06
16,33,-1.32833e+07
16,34,-1.91215e+06
16,66,1.79352e+06
16,67,1.29538e+07
16,68,1.86471e+06
16,118,90533.4
16,119,213134
16,120,-59520.3
16,121,-3.64919e+06
16,122,-8.59093e+06
16,123,2.39913e+06
16,155,3.55866e+06
16,156,8.3778e+06
16,157,-2.33961e+06
17,29,18984.6
17,30,9553.79
17,31,130767
17,32,-765227
17,33,-385091
17,34,-5.2709e+06
17,66,746242
17,67,375538
17,68,5.14013e+06
17,118,-29229.2
17,119,29698.3
17,120,87196.7
17,121,1.17816e+06
17,122,-1.19707e+06
17,123,-3.5147e+06
17,155,-1.14893e+06
17,156,1.16737e+06
17,157,3.4275e+06
18,35,-2.19961e+09
18,36,-3.07677e+08
18,37,-2.13269e+08
18,70,4.47969e+06
18,71,626634
18,72,434356
18,80,81769.5
18,89,2.19505e+09
18,90,3.07051e+08
18,91,2.12835e+08
18,124,-1.53529e+09
18,125,6.07729e+08
18,126,-5.64095e+08
18,159,3.12642e+06
18,160,-1.23774e+06
18,161,1.14887e+06
18,169,214300
18,178,1.53195e+09
18,179,-6.06491e+08
18,180,5.62946e+08
19,35,-9.98781e+08
19,36,-7.21403e+09
19,37,-1.03843e+09
19,70,2.03418e+06
19,71,1.4692e+07
19,72,2.11493e+06
19,81,271372
19,89,9.96747e+08
19,90,7.19907e+09
19,91,1.03631e+09
19,124,-2.14278e+09
19,125,-4.98689e+09
19,126,1.40061e+09
19,159,4.36411e+06
19,160,1.01552e+07
19,161,-2.85256e+06
19,170,674374
19,178,2.13842e+09
19,179,4.97606e+09
19,180,-1.39775e+09
20,35,-3.48334e+08
20,36,-1.75295e+08
20,37,-2.39942e+09
20,70,709437
20,71,357016
20,72,4.88662e+06
20,82,90986.3
20,89,3.47624e+08
20,90,1.74938e+08
20,91,2.39445e+09
20,124,5.79878e+08
20,125,-5.82372e+08
20,126,-1.72012e+09
20,159,-1.18101e+06
20,160,1.18609e+06
20,161,3.50284e+06
20,171,227428
20,178,-5.78697e+08
20,179,5.81186e+08
20,180,1.71639e+09
21,38,-3.25592e+07
21,39,-4.55449e+06
21,40,-3.15698e+06
21,48,2.74381e+07
21,49,3.83813e+06
21,50,2.66043e+06
21,70,1.31778e+06
21,71,184336
21,72,127774
21,73,3.8033e+06
21,74,532019
21,75,368773
21,127,-2.27234e+07
21,128,8.9961e+06
21,129,-8.35018e+06
21,137,1.91493e+07
21,138,-7.58114e+06
21,139,7.03682e+06
21,159,919693
21,160,-364103
21,161,337961
21,162,2.65436e+06
21,163,-1.05085e+06
21,164,975401
22,38,-2.41384e+06
22,39,-1.74341e+07
22,40,-2.50966e+06
22,48,2.03418e+06
22,49,1.4692e+07
22,50,2.11493e+06
22,70,97696.4
22,71,705618
22,72,101575
22,73,281965
22,74,2.03651e+06
22,75,293158
22,127,-5.17864e+06
22,128,-1.20506e+07
22,129,3.38497e+06
22,137,4.36411e+06
22,138,1.01552e+07
22,139,-2.85256e+06
22,159,209597
22,160,487729
22,161,-137001
22,162,604927
22,163,1.40765e+06
22,164,-395404
23,38,-718651
23,39,-361653
23,40,-4.95008e+06
23,48,605617
23,49,304770
23,50,4.17151e+06
23,70,29086.3
23,71,14637.3
23,72,200347
23,73,83947
23,74,42245.3
23,75,578229
23,127,1.19635e+06
23,128,-1.2015e+06
23,129,-3.54833e+06
23,137,-1.00818e+06
23,138,1.01252e+06
23,139,2.99023e+06
23,159,-48420.4
23,160,48628.7
23,161,143613
23,162,-139748
23,163,140349
23,164,414487
24,41,-1.63492e+07
24,42,-2.28698e+06
24,43,-1.58524e+06
24,45,3.72222e+06
24,46,520677
24,47,360911
24,73,1.19444e+06
24,74,167083
24,75,115815
24,76,1.14325e+07
24,77,1.59922e+06
24,78,1.10851e+06
24,130,-1.14103e+07
24,131,4.51728e+06
24,132,-4.19295e+06
24,134,2.59778e+06
24,135,-1.02845e+06
24,136,954608
24,162,833615
24,163,-330025
24,164,306329
24,165,7.97889e+06
24,166,-3.15881e+06
24,167,2.93201e+06
25,41,-3.18171e+06
25,42,-2.29801e+07
25,43,-3.30801e+06
25,45,724380
25,46,5.23188e+06
25,47,753135
25,73,232450
25,74,1.67889e+06
25,75,241678
25,76,2.22488e+06
25,77,1.60693e+07
25,78,2.3132e+06
25,130,-6.82603e+06
25,131,-1.58841e+07
25,132,4.46177e+06
25,134,1.55408e+06
25,135,3.61632e+06
25,136,-1.01581e+06
25,162,498698
25,163,1.16046e+06
25,164,-325969
25,165,4.77325e+06
25,166,1.11073e+07
25,167,-3.11999e+06
26,41,-2.53634e+06
26,42,-1.27639e+06
26,43,-1.74704e+07
26,45,577449
26,46,290595
26,47,3.97749e+06
26,73,185301
26,74,93250.5
26,75,1.27636e+06
26,76,1.77359e+06
26,77,892540
26,78,1.22166e+07
26,130,4.2223e+06
26,131,-4.24046e+06
26,132,-1.25232e+07
26,134,-961290
26,135,965425
26,136,2.85115e+06
26,162,-308474
26,163,309801
26,164,914921
26,165,-2.95253e+06
26,166,2.96524e+06
26,167,8.75711e+06
27,44,-936512
27,77,936512
27,133,-801516
27,166,801516
28,41,4.96296e+06
28,42,694236
28,43,481215
28,45,-4.96296e+06
28,46,-694236
28,47,-481215
28,130,3.4637e+06
28,131,-1.37127e+06
28,132,1.27281e+06
28,134,-3.4637e+06
28,135,1.37127e+06
28,136,-1.27281e+06
29,41,579504
29,42,4.1855e+06
29,43,602508
29,45,-579504
29,46,-4.1855e+06
29,47,-602508
29,130,1.24326e+06
29,131,2.89306e+06
29,132,-812648
29,134,-1.24326e+06
29,135,-2.89306e+06
29,136,812648
30,41,1.34738e+06
30,42,678054
30,43,9.2808e+06
30,45,-1.34738e+06
30,46,-678054
30,47,-9.2808e+06
30,130,-2.24301e+06
30,131,2.25266e+06
30,132,6.65268e+06
30,134,2.24301e+06
30,135,-2.25266e+06
30,136,-6.65268e+06
31,38,6.09735e+07
31,39,8.52919e+06
31,40,5.91207e+06
31,48,-7.36198e+07
31,49,-1.02982e+07
31,50,-7.13828e+06
31,51,1.26464e+07
31,52,1.76902e+06
31,53,1.22621e+06
31,127,4.25541e+07
31,128,-1.6847e+07
31,129,1.56374e+07
31,137,-5.13801e+07
31,138,2.03412e+07
31,139,-1.88807e+07
31,140,8.82603e+06
31,141,-3.49419e+06
31,142,3.24331e+06
32,48,407947
32,49,57065
32,50,39555.1
32,51,-559246
32,52,-78229.3
32,53,-54225.2
32,54,151299
32,55,21164.2
32,56,14670.2
32,137,284711
32,138,-112716
32,139,104623
32,140,-390304
32,141,154520
32,142,-143425
32,143,105593
32,144,-41803.9
32,145,38802.4
33,48,50056.4
33,49,361535
33,50,52043.4
33,51,-68621.2
33,52,-495621
33,53,-71345.2
33,54,18564.9
33,55,134086
33,56,19301.8
33,137,107391
33,138,249896
33,139,-70194.8
33,140,-147220
33,141,-342577
33,142,96228.6
33,143,39828.9
33,144,92681.3
33,145,-26033.8
34,48,53275.8
34,49,26810.4
34,50,366965
34,51,-73034.6
34,52,-36753.8
34,53,-503065
34,54,19758.9
34,55,9943.42
34,56,136100
34,137,-88689.2
34,138,89070.7
34,139,263049
34,140,121582
34,141,-122105
34,142,-360608
34,143,-32893
34,144,33034.5
34,145,97559.3
35,51,114097
35,52,824069
35,53,118626
35,54,-897703
35,55,-6.48371e+06
35,56,-933338
35,57,783606
35,58,5.65965e+06
35,59,814712
35,140,244782
35,141,569604
35,142,-159999
35,143,-1.92593e+06
35,144,-4.4816e+06
35,145,1.25886e+06
35,146,1.68114e+06
35,147,3.912e+06
35,148,-1.09886e+06
36,51,286504
36,52,144180
36,53,1.97344e+06
36,54,-2.25419e+06
36,55,-1.13439e+06
36,56,-1.55269e+07
36,57,1.96769e+06
36,58,990215
36,59,1.35535e+07
36,140,-476948
36,141,479000
36,142,1.41461e+06
36,143,3.75259e+06
36,144,-3.76873e+06
36,145,-1.113e+07
36,146,-3.27564e+06
36,147,3.28973e+06
36,148,9.71543e+06
37,54,7.24779e+06
37,55,1.01385e+06
37,56,702756
37,57,-7.24779e+06
37,58,-1.01385e+06
37,59,-702756
37,143,5.05831e+06
37,144,-2.00257e+06
37,145,1.85878e+06
37,146,-5.05831e+06
37,147,2.00257e+06
37,148,-1.85878e+06
38,54,597033
38,55,4.31211e+06
38,56,620733
38,57,-597033
38,58,-4.31211e+06
38,59,-620733
38,143,1.28087e+06
38,144,2.98057e+06
38,145,-837229
38,146,-1.28087e+06
38,147,-2.98057e+06
38,148,837229
39,54,983843
39,55,495107
39,56,6.77673e+06
39,57,-983843
39,58,-495107
39,59,-6.77673e+06
39,143,-1.63782e+06
39,144,1.64487e+06
39,145,4.85771e+06
39,146,1.63782e+06
39,147,-1.64487e+06
39,148,-4.85771e+06
40,32,8.96759e+06
40,33,6.47689e+07
40,34,9.32356e+06
40,63,126613
40,64,914468
40,65,131639
40,66,-9.0942e+06
40,67,-6.67422e+07
40,68,-9.4552e+06
40,69,1.05875e+06
40,121,1.77933e+07
40,122,4.1889e+07
40,123,-1.1698e+07
40,152,251222
40,153,591427
40,154,-165164
40,155,-1.80445e+07
40,156,-4.30887e+07
40,157,1.18632e+07
40,158,608329
41,67,1.05875e+06
41,69,-1.05875e+06
41,156,608329
41,158,-608329
42,35,2.41214e+06
42,36,337418
42,37,233884
42,38,2.02735e+06
42,39,283593
42,40,196575
42,70,-9.72735e+06
42,71,-621012
42,72,-430459
42,79,5.28786e+06
42,124,1.68346e+06
42,125,-666474
42,126,618622
42,127,1.41491e+06
42,128,-560158
42,129,519939
42,159,-6.52286e+06
42,160,1.22663e+06
42,161,-1.13856e+06
42,168,3.42449e+06
43,35,239315
43,36,1.72847e+06
43,37,248815
43,38,201140
43,39,1.45274e+06
43,40,209124
43,70,-440455
43,71,-3.18121e+06
43,72,-457939
43,124,513425
43,125,1.19473e+06
43,126,-335595
43,127,431524
43,128,1.00415e+06
43,129,-282061
43,159,-944949
43,160,-2.19888e+06
43,161,617656
44,35,224033
44,36,112742
44,37,1.54314e+06
44,38,188295
44,39,94757.4
44,40,1.29698e+06
44,70,-412328
44,71,-207499
44,72,-2.84013e+06
44,124,-372952
44,125,374556
44,126,1.10616e+06
44,127,-313459
44,128,314807
44,129,929706
44,159,686410
44,160,-689363
44,161,-2.03587e+06
45,38,884488
45,39,123725
45,40,85761.1
45,41,666666
45,42,93255.6
45,43,64640.8
45,73,-1.55115e+06
45,74,-216981
45,75,-150402
45,127,617294
45,128,-244384
45,129,226837
45,130,465274
45,131,-184200
45,132,170974
45,162,-1.08257e+06
45,163,428584
45,164,-397812
46,38,140983
46,39,1.01826e+06
46,40,146579
46,41,106263
46,42,767491
46,43,110481
46,73,-247246
46,74,-1.78575e+06
46,75,-257060
46,127,302463
46,128,703827
46,129,-197702
46,130,227976
46,131,530497
46,132,-149014
46,162,-530439
46,163,-1.23432e+06
46,164,346716
47,38,53778.5
47,39,27063.4
47,40,370428
47,41,40534.6
47,42,20398.5
47,43,279203
47,73,-94313.1
47,74,-47462
47,75,-649631
47,127,-89526.1
47,128,89911.2
47,129,265531
47,130,-67478.6
47,131,67768.9
47,132,200139
47,162,157005
47,163,-157680
47,164,-465670
48,41,2.54272e+06
48,42,1.8365e+07
48,43,2.64366e+06
48,44,936512
48,76,-2.54272e+06
48,77,-1.93015e+07
48,78,-2.64366e+06
48,130,5.45514e+06
48,131,1.2694e+07
48,132,-3.5657e+06
48,133,801516
48,165,-5.45514e+06
48,166,-1.34955e+07
48,167,3.5657e+06
49,70,3.43711e+07
49,79,-3.43711e+07
49,159,2.22592e+07
49,168,-2.22592e+07
50,81,-2.93366e-14
50,82,3887.05
50,83,-0.00017376
50,84,2.93366e-14
50,85,-3887.05
50,169,-3.30744e-13
50,170,-1.9601e-14
50,171,-6007.03
50,172,-0.000122437
50,173,1.9601e-14
50,174,6007.03
51,80,2.78173e-14
51,81,1229.59
51,82,1896.98
51,83,-2.78173e-14
51,84,-1229.59
51,85,-1896.98
51,169,-1.9601e-14
51,170,1458.52
51,171,-688.838
51,172,1.9601e-14
51,173,-1458.52
51,174,688.839
52,80,-6116.17
52,81,-438.547
52,82,1375.14
52,83,6116.17
52,84,438.547
52,85,-1375.14
52,169,-914.92
52,170,2256.71
52,171,-23185.2
52,172,914.92
52,173,-2256.71
52,174,23185.2
53,0,1.36061e+06
53,1,3.33364e+06
53,2,-533572
53,3,-3.38974e+06
53,4,-8.30518e+06
53,5,1.3293e+06
53,6,2.02912e+06
53,7,4.97155e+06
53,8,-795731
53,92,855592
53,93,1.04432e+07
53,94,2.30749e+06
53,95,-512164
53,96,-6.25139e+06
53,97,-1.38128e+06
54,0,-751197
54,1,1.10433e+06
54,2,3.63224e+06
54,3,1.87148e+06
54,4,-2.75125e+06
54,5,-9.04909e+06
54,6,-1.12028e+06
54,7,1.64692e+06
54,8,5.41686e+06
54,92,2.62898e+06
54,93,58957.1
54,94,1.09439e+07
54,95,-1.57373e+06
54,96,-35292.2
54,97,-6.55113e+06
55,3,2.02912e+06
55,4,4.97155e+06
55,5,-795731
55,6,-2.13804e+06
55,7,-5.23841e+06
55,8,838443
55,9,108917
55,10,266856
55,11,-42712.2
55,92,-512164
55,93,-6.25139e+06
55,94,-1.38128e+06
55,95,539655
55,96,6.58694e+06
55,97,1.45542e+06
55,98,-27491.3
55,99,-335554
55,100,-74142.6
56,3,-1.12028e+06
56,4,1.64692e+06
56,5,5.41686e+06
56,6,1.18042e+06
56,7,-1.73532e+06
56,8,-5.70762e+06
56,9,-60133.1
56,10,88401.3
56,11,290759
56,92,-1.57373e+06
56,93,-35292.2
56,94,-6.55113e+06
56,95,1.6582e+06
56,96,37186.6
56,97,6.90277e+06
56,98,-84472.4
56,99,-1894.37
56,100,-351643
57,6,204219
57,7,500356
57,8,-80085.4
57,9,-379738
57,10,-2.02531e+06
57,11,148916
57,12,1.09491e+06
57,13,175519
57,14,430039
57,15,-68830.7
57,95,-51546.2
57,96,-629163
57,97,-139017
57,98,95848.4
57,99,3.33649e+06
57,100,258498
57,101,-2.16659e+06
57,102,-44302.2
57,103,-540745
57,104,-119481
58,10,1.09491e+06
58,12,-1.09491e+06
58,99,-2.16659e+06
58,101,2.16659e+06
59,19,-5.44905e+07
59,20,-1.33724e+08
59,21,3.7344e+07
59,25,1.60571e+06
59,26,3.94053e+06
59,27,-1.10044e+06
59,60,5.28847e+07
59,61,1.29783e+08
59,62,-3.62436e+07
59,108,3.49893e+07
59,109,2.42427e+08
59,110,3.48977e+07
59,114,-1.03105e+06
59,115,-7.14377e+06
59,116,-1.02835e+06
59,149,-3.39582e+07
59,150,-2.35284e+08
59,151,-3.38693e+07
60,19,1.88001e+06
60,22,-1.94677e+06
60,23,66766.6
60,108,-3.99913e+06
60,111,4.14115e+06
60,112,-142025
61,22,13046.3
61,23,-58765.5
61,24,45719.2
61,111,-27752
61,112,125005
61,113,-97253.3
62,23,56822.4
62,24,-56822.4
62,112,-120872
62,113,120872
63,19,145973
63,20,358230
63,21,-100040
63,25,-1.92025e+06
63,26,-5.49892e+06
63,27,1.31601e+06
63,28,786493
63,29,1.77427e+06
63,30,4.3542e+06
63,31,-1.21596e+06
63,108,-93732.1
63,109,-649434
63,110,-93486.8
63,114,1.23302e+06
63,115,1.01481e+07
63,116,1.2298e+06
63,117,-1.60493e+06
63,118,-1.13929e+06
63,119,-7.89372e+06
63,120,-1.13631e+06
64,19,-1.29603e+06
64,20,1.37269e+06
64,21,4.03034e+06
64,25,1.70489e+07
64,26,-1.80574e+07
64,27,-5.30182e+07
64,29,-1.57529e+07
64,30,1.66847e+07
64,31,4.89879e+07
64,108,-1.07249e+06
64,109,-517755
64,110,-7.08672e+06
64,114,1.41084e+07
64,115,6.81094e+06
64,116,9.32241e+07
64,118,-1.30359e+07
64,119,-6.29319e+06
64,120,-8.61374e+07
65,26,865142
65,28,-865142
65,115,-1.76542e+06
65,117,1.76542e+06
66,25,3.22471e+07
66,26,-1.34638e+07
66,27,1.24244e+07
66,29,-3.35724e+07
66,30,1.40171e+07
66,31,-1.2935e+07
66,32,1.32522e+06
66,33,-553306
66,34,510593
66,114,-6.36521e+07
66,115,-8.54151e+06
66,116,-5.92061e+06
66,118,6.62679e+07
66,119,8.89253e+06
66,120,6.16393e+06
66,121,-2.61584e+06
66,122,-351021
66,123,-243313
67,25,-1.57529e+07
67,26,1.66847e+07
67,27,4.89879e+07
67,29,1.64003e+07
67,30,-1.73704e+07
67,31,-5.10011e+07
67,32,-647380
67,33,685674
67,34,2.0132e+06
67,114,-1.30359e+07
67,115,-6.29319e+06
67,116,-8.61374e+07
67,118,1.35716e+07
67,119,6.55181e+06
67,120,8.96773e+07
67,121,-535722
67,122,-258624
67,123,-3.53989e+06
68,29,305821
68,30,-127686
68,31,117829
68,32,-1.23269e+07
68,33,5.14672e+06
68,34,-4.74942e+06
68,66,1.20211e+07
68,67,-5.01904e+06
68,68,4.63159e+06
68,118,-603655
68,119,-81004.9
68,120,-56149.1
68,121,2.4332e+07
68,122,3.26512e+06
68,123,2.26324e+06
68,155,-2.37283e+07
68,156,-3.18411e+06
68,157,-2.20709e+06
69,29,160414
69,30,393667
69,31,-109937
69,32,-6.4659e+06
69,33,-1.58678e+07
69,34,4.43129e+06
69,66,6.30549e+06
69,67,1.54741e+07
69,68,-4.32135e+06
69,118,-103004
69,119,-713678
69,120,-102735
69,121,4.15187e+06
69,122,2.87667e+07
69,123,4.141e+06
69,155,-4.04886e+06
69,156,-2.80531e+07
69,157,-4.03827e+06
70,29,-64738
70,30,68567.4
70,31,201320
70,32,2.60944e+06
70,33,-2.76379e+06
70,34,-8.11474e+06
70,66,-2.5447e+06
70,67,2.69523e+06
70,68,7.91342e+06
70,118,-53572.2
70,119,-25862.4
70,120,-353989
70,121,2.15937e+06
70,122,1.04245e+06
70,123,1.42685e+07
70,155,-2.1058e+06
70,156,-1.01659e+06
70,157,-1.39145e+07
71,35,-2.93523e+09
71,36,1.22534e+09
71,37,-1.13075e+09
71,70,5.97724e+06
71,71,-2.49561e+06
71,72,2.30296e+06
71,80,409708
71,89,2.92885e+09
71,90,-1.22285e+09
71,91,1.12845e+09
71,124,6.26391e+09
71,125,8.3081e+08
71,126,5.7925e+08
71,159,-1.2757e+07
71,160,-1.69208e+06
71,161,-1.17974e+06
71,169,-232859
71,178,-6.25092e+09
71,179,-8.29118e+08
71,180,-5.7807e+08
72,35,-3.51143e+09
72,36,-8.61847e+09
72,37,2.40649e+09
72,70,7.15158e+06
72,71,1.75505e+07
72,72,-4.90121e+06
72,81,1.16547e+06
72,89,3.50428e+09
72,90,8.59975e+09
72,91,-2.40159e+09
72,124,2.43795e+09
72,125,1.6697e+10
72,126,2.41751e+09
72,159,-4.96527e+06
72,160,-3.40048e+07
72,161,-4.92365e+06
72,170,-628094
72,178,-2.43298e+09
72,179,-1.66623e+10
72,180,-2.41259e+09
73,35,9.5026e+08
73,36,-1.00647e+09
73,37,-2.95548e+09
73,70,-1.93536e+06
73,71,2.04984e+06
73,72,6.01851e+06
73,82,390762
73,89,-9.48325e+08
73,90,1.00442e+09
73,91,2.94907e+09
73,124,8.50256e+08
73,125,4.05722e+08
73,126,5.58597e+09
73,159,-1.73168e+06
73,160,-826318
73,161,-1.13763e+07
73,171,-211820
73,178,-8.48524e+08
73,179,-4.04896e+08
73,180,-5.57438e+09
74,38,-3.72374e+07
74,39,1.55473e+07
74,40,-1.43471e+07
74,48,3.13805e+07
74,49,-1.31019e+07
74,50,1.20905e+07
74,70,1.50712e+06
74,71,-629252
74,72,580677
74,73,4.34977e+06
74,74,-1.81611e+06
74,75,1.67591e+06
74,127,7.94743e+07
74,128,1.05414e+07
74,129,7.34959e+06
74,137,-6.69742e+07
74,138,-8.88341e+06
74,139,-6.19361e+06
74,159,-3.2166e+06
74,160,-426647
74,161,-297463
74,162,-9.28355e+06
74,163,-1.23136e+06
74,164,-858520
75,38,-8.25063e+06
75,39,-2.02477e+07
75,40,5.65442e+06
75,48,6.95293e+06
75,49,1.7063e+07
75,50,-4.76506e+06
75,70,333931
75,71,819492
75,72,-228854
75,73,963772
75,74,2.36517e+06
75,75,-660504
75,127,5.72833e+06
75,128,3.92306e+07
75,129,5.68031e+06
75,137,-4.82734e+06
75,138,-3.30602e+07
75,139,-4.78688e+06
75,159,-231845
75,160,-1.5878e+06
75,161,-229902
75,162,-669137
75,163,-4.5826e+06
75,164,-663528
76,38,1.94468e+06
76,39,-2.05971e+06
76,40,-6.0475e+06
76,48,-1.63881e+06
76,49,1.73575e+06
76,50,5.09632e+06
76,70,-78707.9
76,71,83363.7
76,72,244763
76,73,-227162
76,74,240599
76,75,706420
76,127,1.74002e+06
76,128,830299
76,129,1.14311e+07
76,137,-1.46634e+06
76,138,-699705
76,139,-9.63315e+06
76,159,-70424.7
76,160,-33605
76,161,-462656
76,162,-203255
76,163,-96988.8
76,164,-1.33529e+06
77,41,-1.86983e+07
77,42,7.80689e+06
77,43,-7.20423e+06
77,45,4.25704e+06
77,46,-1.77739e+06
77,47,1.64019e+06
77,73,1.36607e+06
77,74,-570358
77,75,526328
77,76,1.30752e+07
77,77,-5.45914e+06
77,78,5.03771e+06
77,130,3.99071e+07
77,131,5.29325e+06
77,132,3.69051e+06
77,134,-9.08565e+06
77,135,-1.20511e+06
77,136,-840219
77,162,-2.91554e+06
77,163,-386715
77,164,-269622
77,165,-2.79059e+07
77,166,-3.70142e+06
77,167,-2.58067e+06
78,41,-1.0528e+07
78,42,-2.58365e+07
78,43,7.21516e+06
78,45,2.39691e+06
78,46,5.88218e+06
78,47,-1.64268e+06
78,73,769156
78,74,1.88757e+06
78,75,-527127
78,76,7.36192e+06
78,77,1.80667e+07
78,78,-5.04536e+06
78,130,7.30947e+06
78,131,5.00591e+07
78,132,7.2482e+06
78,134,-1.66415e+06
78,135,-1.13969e+07
78,136,-1.6502e+06
78,162,-534017
78,163,-3.65723e+06
78,164,-529541
78,165,-5.11131e+06
78,166,-3.50049e+07
78,167,-5.06846e+06
79,41,6.60468e+06
79,42,-6.99536e+06
79,43,-2.0539e+07
79,45,-1.50369e+06
79,46,1.59263e+06
79,47,4.67611e+06
79,73,-482526
79,74,511069
79,75,1.50054e+06
79,76,-4.61847e+06
79,77,4.89166e+06
79,78,1.43623e+07
79,130,5.90961e+06
79,131,2.81993e+06
79,132,3.88232e+07
79,134,-1.34544e+06
79,135,-642012
79,136,-8.83887e+06
79,162,-431746
79,163,-206019
79,164,-2.83635e+06
79,165,-4.13242e+06
79,166,-1.9719e+06
79,167,-2.7148e+07
80,44,-1.3852e+06
80,77,1.3852e+06
80,133,2.16757e+06
80,166,-2.16757e+06
81,41,4.44213e+06
81,42,-1.85467e+06
81,43,1.7115e+06
81,45,-4.44213e+06
81,46,1.85467e+06
81,47,-1.7115e+06
81,130,-9.48067e+06
81,131,-1.25751e+06
81,132,-876750
81,134,9.48067e+06
81,135,1.25751e+06
81,136,876750
82,41,1.6299e+06
82,42,3.99989e+06
82,43,-1.11702e+06
82,45,-1.6299e+06
82,46,-3.99989e+06
82,47,1.11702e+06
82,130,-1.13162e+06
82,131,-7.74992e+06
82,132,-1.12213e+06
82,134,1.13162e+06
82,135,7.74992e+06
82,136,1.12213e+06
83,41,-2.36294e+06
83,42,2.50271e+06
83,43,7.34818e+06
83,45,2.36294e+06
83,46,-2.50271e+06
83,47,-7.34818e+06
83,130,-2.11426e+06
83,131,-1.00888e+06
83,132,-1.38897e+07
83,134,2.11426e+06
83,135,1.00888e+06
83,136,1.38897e+07
84,38,6.2761e+07
84,39,-2.62039e+07
84,40,2.4181e+07
84,48,-7.57781e+07
84,49,3.16387e+07
84,50,-2.91964e+07
84,51,1.30171e+07
84,52,-5.43487e+06
84,53,5.01532e+06
84,127,-1.33948e+08
84,128,-1.77668e+07
84,129,-1.23872e+07
84,137,1.6173e+08
84,138,2.14518e+07
84,139,1.49564e+07
84,140,-2.77819e+07
84,141,-3.68497e+06
84,142,-2.5692e+06
85,48,302723
85,49,-126392
85,50,116635
85,51,-414656
85,52,173269
85,53,-159893
85,54,112274
85,55,-46876.3
85,56,43257.7
85,137,-646090
85,138,-85696.9
85,139,-59748.9
85,140,885712
85,141,117480
85,142,81908.5
85,143,-239621
85,144,-31783.2
85,145,-22159.6
86,48,116926
86,49,286945
86,50,-80133.2
86,51,-160292
86,52,-393055
86,53,109853
86,54,43365.5
86,55,106422
86,56,-29719.7
86,137,-81180.6
86,138,-555967
86,139,-80500.1
86,140,111289
86,141,762163
86,142,110356
86,143,-30108.2
86,144,-206197
86,145,-29855.8
87,48,-95357
87,49,100998
87,50,296538
87,51,130723
87,52,-138456
87,53,-406202
87,54,-35365.9
87,55,37457.9
87,56,109980
87,137,-85321.7
87,138,-40713.5
87,139,-560521
87,140,116966
87,141,55813.3
87,142,768407
87,143,-31644
87,144,-15099.8
87,145,-207886
88,51,418571
88,52,1.0272e+06
88,53,-286860
88,54,-3.29328e+06
88,55,-8.08197e+06
88,56,2.25699e+06
88,57,2.87471e+06
88,58,7.05476e+06
88,59,-1.97013e+06
88,140,-290609
88,141,-1.99024e+06
88,142,-288173
88,143,2.28649e+06
88,144,1.56591e+07
88,145,2.26733e+06
88,146,-1.99588e+06
88,147,-1.36689e+07
88,148,-1.97915e+06
89,51,-710533
89,52,752563
89,53,2.20959e+06
89,54,5.59042e+06
89,55,-5.92111e+06
89,56,-1.73849e+07
89,57,-4.87989e+06
89,58,5.16855e+06
89,59,1.51753e+07
89,140,-635757
89,141,-303369
89,142,-4.17661e+06
89,143,5.00209e+06
89,144,2.38688e+06
89,145,3.28613e+07
89,146,-4.36633e+06
89,147,-2.08351e+06
89,148,-2.86846e+07
90,54,5.18074e+06
90,55,-2.16305e+06
90,56,1.99608e+06
90,57,-5.17731e+06
90,58,2.16305e+06
90,59,-1.99608e+06
90,143,-1.10571e+07
90,144,-1.4666e+06
90,145,-1.02253e+06
90,146,1.10571e+07
90,147,1.4666e+06
90,148,1.02253e+06
91,54,1.53764e+06
91,55,3.77348e+06
91,56,-1.05379e+06
91,57,-1.53764e+06
91,58,-3.77105e+06
91,59,1.05379e+06
91,143,-1.06757e+06
91,144,-7.31125e+06
91,145,-1.05862e+06
91,146,1.06757e+06
91,147,7.31125e+06
91,148,1.05862e+06
92,54,-1.67746e+06
92,55,1.77669e+06
92,56,5.21651e+06
92,57,1.67746e+06
92,58,-1.77669e+06
92,59,-5.21324e+06
92,143,-1.50093e+06
92,144,-716207
92,145,-9.86035e+06
92,146,1.50093e+06
92,147,716207
92,148,9.86035e+06
93,32,3.15274e+07
93,33,7.73707e+07
93,34,-2.16068e+07
93,63,445134
93,64,1.09239e+06
93,65,-305064
93,66,-3.19726e+07
93,67,-7.95867e+07
93,68,2.19118e+07
93,69,1.12361e+06
93,121,-2.02443e+07
93,122,-1.40265e+08
93,123,-2.01913e+07
93,152,-285828
93,153,-1.98039e+06
93,154,-285080
93,155,2.05302e+07
93,156,1.44538e+08
93,157,2.04764e+07
93,158,-2.29285e+06
94,67,1.12361e+06
94,69,-1.12361e+06
94,156,-2.29285e+06
94,158,2.29285e+06
95,35,2.98862e+06
95,36,-1.2478e+06
95,37,1.15148e+06
95,38,2.51187e+06
95,39,-1.04875e+06
95,40,967794
95,70,-1.15799e+07
95,71,2.29656e+06
95,72,-2.11927e+06
95,79,6.07945e+06
95,124,-6.37849e+06
95,125,-846039
95,126,-589868
95,127,-5.361e+06
95,128,-711079
95,129,-495772
95,159,2.57224e+07
95,160,1.55712e+06
95,161,1.08564e+06
95,168,-1.39829e+07
96,35,794620
96,36,1.95006e+06
96,37,-544579
96,38,667863
96,39,1.63898e+06
96,40,-457708
96,70,-1.46248e+06
96,71,-3.58904e+06
96,72,1.00229e+06
96,124,-551697
96,125,-3.77831e+06
96,126,-547072
96,127,-463690
96,128,-3.17559e+06
96,129,-459803
96,159,1.01539e+06
96,160,6.9539e+06
96,161,1.00688e+06
97,35,-580607
97,36,614952
97,37,1.80555e+06
97,38,-487989
97,39,516855
97,40,1.51753e+06
97,70,1.0686e+06
97,71,-1.13181e+06
97,72,-3.32308e+06
97,124,-519504
97,125,-247895
97,126,-3.41289e+06
97,127,-436633
97,128,-208351
97,129,-2.86846e+06
97,159,956138
97,160,456247
97,161,6.28135e+06
98,38,790867
98,39,-330202
98,40,304711
98,41,596102
98,42,-248883
98,43,229671
98,73,-1.38697e+06
98,74,579085
98,75,-534382
98,127,-1.68792e+06
98,128,-223884
98,129,-156095
98,130,-1.27224e+06
98,131,-168749
98,132,-117653
98,162,2.96016e+06
98,163,392633
98,164,273748
99,38,361415
99,39,886938
99,40,-247689
99,41,272409
99,42,668513
99,43,-186691
99,73,-633824
99,74,-1.55545e+06
99,75,434380
99,127,-250926
99,128,-1.71847e+06
99,129,-248823
99,130,-189131
99,131,-1.29527e+06
99,132,-187546
99,162,440057
99,163,3.01374e+06
99,164,436369
100,38,-129211
100,39,136855
100,40,401817
100,41,-97390.6
100,42,103152
100,43,302862
100,73,226602
100,74,-240006
100,75,-704679
100,127,-115613
100,128,-55167.9
100,129,-759522
100,130,-87141.3
100,131,-41581.8
100,132,-572475
100,162,202755
100,163,96749.7
100,164,1.332e+06
101,41,8.93948e+06
101,42,2.19381e+07
101,43,-6.12651e+06
101,44,1.3852e+06
101,76,-8.93948e+06
101,77,-2.33233e+07
101,78,6.12651e+06
101,130,-6.20659e+06
101,131,-4.25059e+07
101,132,-6.15456e+06
101,133,-2.16757e+06
101,165,6.20659e+06
101,166,4.46735e+07
101,167,6.15456e+06
102,70,3.64767e+07
102,79,-3.64767e+07
102,159,-8.38972e+07
102,168,8.38972e+07
103,80,-5.41999e-13
103,81,-3.38749e-14
103,82,-10321.1
103,83,0.00020064
103,84,3.38749e-14
103,85,10321.1
103,170,6.78998e-14
103,171,-9049.23
103,172,-0.000424134
103,173,-6.78998e-14
103,174,9049.23
104,80,-3.21206e-14
104,81,2520.66
104,82,-1183.55
104,83,3.21206e-14
104,84,-2520.66
104,85,1183.55
104,169,-6.78998e-14
104,170,-2845.89
104,171,-4416.25
104,172,6.78998e-14
104,173,2845.89
104,174,4416.25
105,80,-1499.3
105,81,3900.11
105,82,-39836.4
105,83,1499.3
105,84,-3900.11
105,85,39836.4
105,169,14929.1
105,170,1015.02
105,171,-3201.4
105,172,-14929.1
105,173,-1015.02
105,174,3201.4
106,0,6.17489e+07
106,1,1.52218e+07
106,2,2.07278e+06
106,3,-1.53837e+08
106,4,-3.79226e+07
106,5,-5.16397e+06
106,6,9.20879e+07
106,7,2.27008e+07
106,8,3.09119e+06
106,92,-1.27959e+08
106,93,3.78086e+07
106,94,-4.563e+07
106,95,7.6597e+07
106,96,-2.26326e+07
106,97,2.73145e+07
107,3,9.20879e+07
107,4,2.27008e+07
107,5,3.09119e+06
107,6,-9.70309e+07
107,7,-2.39193e+07
107,8,-3.25712e+06
107,9,4.94297e+06
107,10,1.2185e+06
107,11,165925
107,92,7.6597e+07
107,93,-2.26326e+07
107,94,2.73145e+07
107,95,-8.07085e+07
107,96,2.38474e+07
107,97,-2.87806e+07
107,98,4.11148e+06
107,99,-1.21484e+06
107,100,1.46615e+06
108,6,4.94297e+06
108,7,1.2185e+06
108,8,165925
108,9,-9.1913e+06
108,10,-2.26576e+06
108,11,-308532
108,13,4.24832e+06
108,14,1.04726e+06
108,15,142607
108,95,4.11148e+06
108,96,-1.21484e+06
108,97,1.46615e+06
108,98,-7.64515e+06
108,99,2.25896e+06
108,100,-2.72626e+06
108,102,3.53368e+06
108,103,-1.04411e+06
108,104,1.26011e+06
109,6,1.1263e+06
109,7,25258.3
109,8,4.68857e+06
109,9,-2.09432e+06
109,10,-46966.9
109,11,-8.71825e+06
109,13,968017
109,14,21708.6
109,15,4.02967e+06
109,95,-883956
109,96,1.2995e+06
109,97,4.27416e+06
109,98,1.64369e+06
109,99,-2.41637e+06
109,100,-7.94766e+06
109,102,-759731
109,103,1.11688e+06
109,104,3.6735e+06
110,9,4.24832e+06
110,10,1.04726e+06
110,11,142607
110,13,-9.60695e+06
110,14,-2.36823e+06
110,15,-322485
110,16,5.35863e+06
110,17,1.32097e+06
110,18,179878
110,98,3.53368e+06
110,99,-1.04411e+06
110,100,1.26011e+06
110,102,-7.99089e+06
110,103,2.36111e+06
110,104,-2.84955e+06
110,105,4.45721e+06
110,106,-1.317e+06
110,107,1.58944e+06
111,9,337541
111,10,4.11996e+06
111,11,910329
111,13,-763298
111,14,-9.31668e+06
111,15,-2.05858e+06
111,16,425758
111,17,5.19672e+06
111,18,1.14825e+06
111,98,1.47436e+06
111,99,3.61233e+06
111,100,-578178
111,102,-3.33405e+06
111,103,-8.16874e+06
111,104,1.30746e+06
111,105,1.85969e+06
111,106,4.55642e+06
111,107,-729286
112,9,968017
112,10,21708.6
112,11,4.02967e+06
112,13,-2.18903e+06
112,14,-49090.9
112,15,-9.11251e+06
112,16,1.22101e+06
112,17,27382.2
112,18,5.08284e+06
112,98,-759731
112,99,1.11688e+06
112,100,3.6735e+06
112,102,1.71802e+06
112,103,-2.52565e+06
112,104,-8.30707e+06
112,105,-958288
112,106,1.40877e+06
112,107,4.63357e+06
113,13,5.35863e+06
113,14,1.32097e+06
113,15,179878
113,16,-5.35863e+06
113,17,-1.32097e+06
113,18,-179878
113,102,4.45721e+06
113,103,-1.317e+06
113,104,1.58944e+06
113,105,-6.81617e+07
113,106,1.317e+06
113,107,-1.58944e+06
113,175,6.37045e+07
114,13,425758
114,14,5.19672e+06
114,15,1.14825e+06
114,16,-425758
114,17,-5.19672e+06
114,18,-1.14825e+06
114,102,1.85969e+06
114,103,4.55642e+06
114,104,-729286
114,105,-1.85969e+06
114,106,-6.31811e+07
114,107,729286
114,176,5.86247e+07
115,13,1.22101e+06
115,14,27382.2
115,15,5.08284e+06
115,16,-1.22101e+06
115,17,-27382.2
115,18,-5.08284e+06
115,102,-958288
115,103,1.40877e+06
115,104,4.63357e+06
115,105,958288
115,106,-1.40877e+06
115,107,-6.32583e+07
115,177,5.86247e+07
116,19,-5.32559e+08
116,20,-6.60709e+07
116,21,-4.57976e+07
116,22,6.02305e+07
116,25,1.39184e+07
116,26,1.94696e+06
116,27,1.34955e+06
116,60,4.5841e+08
116,61,6.4124e+07
116,62,4.4448e+07
116,108,-3.40947e+08
116,109,1.22109e+08
116,110,-1.12683e+08
116,111,3.6075e+07
116,114,8.98387e+06
116,115,-3.59828e+06
116,116,3.32051e+06
116,149,2.95888e+08
116,150,-1.18511e+08
116,151,1.09362e+08
117,19,-6.44884e+07
117,20,-3.2453e+07
117,21,-4.44198e+08
117,25,1.90032e+06
117,26,956315
117,27,1.30895e+07
117,60,6.2588e+07
117,61,3.14967e+07
117,62,4.31108e+08
117,108,9.92878e+07
117,109,-1.00881e+08
117,110,-2.96196e+08
117,114,-2.92578e+06
117,115,2.97273e+06
117,116,8.72821e+06
117,149,-9.63621e+07
117,150,9.79085e+07
117,151,2.87468e+08
118,19,1.39184e+07
118,20,1.94696e+06
118,21,1.34955e+06
118,25,-1.83093e+08
118,26,-2.56118e+07
118,27,-1.7753e+07
118,29,1.69175e+08
118,30,2.36648e+07
118,31,1.64034e+07
118,108,8.98387e+06
118,109,-3.59828e+06
118,110,3.32051e+06
118,114,-1.18181e+08
118,115,4.73345e+07
118,116,-4.36805e+07
118,118,1.09197e+08
118,119,-4.37362e+07
118,120,4.036e+07
119,25,2.22054e+07
119,26,1.6038e+08
119,27,2.30869e+07
119,29,-2.3118e+07
119,30,-1.66971e+08
119,31,-2.40357e+07
119,32,912553
119,33,6.59097e+06
119,34,948778
119,114,4.40596e+07
119,115,1.03725e+08
119,116,-2.89666e+07
119,118,-4.58703e+07
119,119,-1.07988e+08
119,120,3.0157e+07
119,121,1.81067e+06
119,122,4.26268e+06
119,123,-1.19041e+06
120,38,7.11962e+07
120,39,5.14219e+08
120,40,7.40224e+07
120,48,-8.59628e+07
120,49,-6.20872e+08
120,50,-8.93752e+07
120,51,1.47666e+07
120,52,1.06653e+08
120,53,1.53528e+07
120,127,1.52744e+08
120,128,3.55433e+08
120,129,-9.98396e+07
120,137,-1.84424e+08
120,138,-4.29152e+08
120,139,1.20547e+08
120,140,3.16802e+07
120,141,7.37194e+07
120,142,-2.07075e+07
121,38,7.44909e+07
121,39,3.74867e+07
121,40,5.13096e+08
121,48,-8.99409e+07
121,49,-4.52617e+07
121,50,-6.19515e+08
121,51,1.545e+07
121,52,7.77502e+06
121,53,1.0642e+08
121,127,-1.24006e+08
121,128,1.2454e+08
121,129,3.67798e+08
121,137,1.49726e+08
121,138,-1.5037e+08
121,139,-4.44083e+08
121,140,-2.57199e+07
121,141,2.58305e+07
121,142,7.62841e+07
122,51,4.22124e+07
122,52,5.90482e+06
122,53,4.09297e+06
122,54,-3.32124e+08
122,55,-4.64587e+07
122,56,-3.22032e+07
122,57,2.89912e+08
122,58,4.05539e+07
122,59,2.81102e+07
122,140,2.94605e+07
122,141,-1.16633e+07
122,142,1.08259e+07
122,143,-2.31793e+08
122,144,9.17659e+07
122,145,-8.51772e+07
122,146,2.02333e+08
122,147,-8.01026e+07
122,148,7.43513e+07
123,19,4.5841e+08
123,20,6.4124e+07
123,21,4.4448e+07
123,60,-1.46691e+10
123,61,-2.05197e+09
123,62,-1.42234e+09
123,86,1.42107e+10
123,87,1.98784e+09
123,88,1.37789e+09
123,108,2.95888e+08
123,109,-1.18511e+08
123,110,1.09362e+08
123,149,-9.46842e+09
123,150,3.79235e+09
123,151,-3.4996e+09
123,175,9.17253e+09
123,176,-3.67384e+09
123,177,3.39024e+09
124,19,6.01696e+07
124,20,4.34579e+08
124,21,6.25581e+07
124,60,-1.92543e+09
124,61,-1.39065e+10
124,62,-2.00186e+09
124,86,1.86526e+09
124,87,1.34719e+10
124,88,1.9393e+09
124,108,1.19387e+08
124,109,2.81062e+08
124,110,-7.849e+07
124,149,-3.82039e+09
124,150,-8.99397e+09
124,151,2.51168e+09
124,175,3.70101e+09
124,176,8.71291e+09
124,177,-2.43319e+09
125,19,6.2588e+07
125,20,3.14967e+07
125,21,4.31108e+08
125,60,-2.00282e+09
125,61,-1.00789e+09
125,62,-1.37955e+10
125,86,1.94023e+09
125,87,9.76398e+08
125,88,1.33644e+10
125,108,-9.63621e+07
125,109,9.79085e+07
125,110,2.87468e+08
125,149,3.08359e+09
125,150,-3.13307e+09
125,151,-9.19897e+09
125,175,-2.98722e+09
125,176,3.03516e+09
125,177,8.9115e+09
126,63,-3.85846e+06
126,64,-539735
126,65,-374121
126,66,3.85846e+06
126,67,539735
126,68,374121
126,152,-7.69675e+07
126,153,997513
126,154,-920509
126,155,2.49051e+06
126,156,-997513
126,157,920510
126,178,7.4477e+07
127,63,-506451
127,64,-3.65787e+06
127,65,-526555
127,66,506451
127,67,3.65787e+06
127,68,526555
127,152,-1.00489e+06
127,153,-6.93284e+07
127,154,660655
127,155,1.00489e+06
127,156,2.36571e+06
127,157,-660655
127,179,6.69627e+07
128,63,-526807
128,64,-265109
128,65,-3.62866e+06
128,66,526807
128,67,265109
128,68,3.62866e+06
128,152,811084
128,153,-824100
128,154,-7.01678e+07
128,155,-811084
128,156,824100
128,157,2.41963e+06
128,180,6.77482e+07
129,32,2.73283e+08
129,33,3.82277e+07
129,34,2.64979e+07
129,63,3.85846e+06
129,64,539735
129,65,374121
129,66,-2.77141e+08
129,67,-3.87675e+07
129,68,-2.6872e+07
129,121,1.76395e+08
129,122,-7.06508e+07
129,123,6.51969e+07
129,152,2.49051e+06
129,153,-997513
129,154,920510
129,155,-1.78885e+08
129,156,7.16483e+07
129,157,-6.61174e+07
130,32,3.73121e+07
130,33,1.87769e+07
130,34,2.57007e+08
130,63,526807
130,64,265109
130,65,3.62866e+06
130,66,-3.78389e+07
130,67,-1.9042e+07
130,68,-2.60635e+08
130,121,-5.74466e+07
130,122,5.83685e+07
130,123,1.71375e+08
130,152,-811084
130,153,824100
130,154,2.41963e+06
130,155,5.82577e+07
130,156,-5.91926e+07
130,157,-1.73795e+08
131,41,5.48761e+08
131,42,7.67627e+07
131,43,5.32086e+07
131,76,-5.48761e+08
131,77,-7.67627e+07
131,78,-5.32086e+07
131,130,3.82987e+08
131,131,-1.51623e+08
131,132,1.40736e+08
131,165,-3.82987e+08
131,166,1.51623e+08
131,167,-1.40736e+08
132,41,7.44909e+07
132,42,3.74867e+07
132,43,5.13096e+08
132,76,-7.44909e+07
132,77,-3.74867e+07
132,78,-5.13096e+08
132,130,-1.24006e+08
132,131,1.2454e+08
132,132,3.67798e+08
132,165,1.24006e+08
132,166,-1.2454e+08
132,167,-3.67798e+08
133,35,572387
133,80,-572387
133,81,8.80097e-12
133,82,-1.16611e+06
133,84,-8.80097e-12
133,85,1.16611e+06
133,124,1.5001e+06
133,169,-1.5001e+06
133,170,5.88029e-12
133,171,1.80211e+06
133,172,-9.92233e-11
133,173,-5.88029e-12
133,174,-1.80211e+06
134,36,542744
134,80,-8.34518e-12
134,81,-911620
134,82,-569093
134,83,8.34518e-12
134,84,368876
134,85,569093
134,125,1.34875e+06
134,169,5.88029e-12
134,170,-1.78631e+06
134,171,206652
134,172,-5.88029e-12
134,173,437557
134,174,-206652
135,37,545918
135,80,1.83485e+06
135,81,131564
135,82,-958461
135,83,-1.83485e+06
135,84,-131564
135,85,412543
135,126,1.36457e+06
135,169,274476
135,170,-677014
135,171,5.591e+06
135,172,-274476
135,173,677014
135,174,-6.95557e+06
136,60,1.42107e+10
136,61,1.98784e+09
136,62,1.37789e+09
136,86,-1.42107e+10
136,87,-1.98784e+09
136,88,-1.37789e+09
136,105,6.37045e+07
136,149,9.17253e+09
136,150,-3.67384e+09
136,151,3.39024e+09
136,175,-9.23624e+09
136,176,3.67384e+09
136,177,-3.39024e+09
137,17,4.2633e-09
137,60,1.86526e+09
137,61,1.34719e+10
137,62,1.9393e+09
137,86,-1.86526e+09
137,87,-1.34719e+10
137,88,-1.9393e+09
137,106,5.86247e+07
137,149,3.70101e+09
137,150,8.71291e+09
137,151,-2.43319e+09
137,175,-3.70101e+09
137,176,-8.77153e+09
137,177,2.43319e+09
138,18,-4.2633e-09
138,60,1.94023e+09
138,61,9.76398e+08
138,62,1.33644e+10
138,86,-1.94023e+09
138,87,-9.76398e+08
138,88,-1.33644e+10
138,107,5.86247e+07
138,149,-2.98722e+09
138,150,3.03516e+09
138,151,8.9115e+09
138,175,2.98722e+09
138,176,-3.03516e+09
138,177,-8.97013e+09
139,35,1.53653e+10
139,36,2.14935e+09
139,37,1.48984e+09
139,89,-1.53653e+10
139,90,-2.14935e+09
139,91,-1.48984e+09
139,124,1.07236e+10
139,125,-4.24544e+09
139,126,3.94062e+09
139,152,7.4477e+07
139,178,-1.07981e+10
139,179,4.24544e+09
139,180,-3.94062e+09
140,35,1.99349e+09
140,36,1.43981e+10
140,37,2.07263e+09
140,64,-4.2633e-09
140,89,-1.99349e+09
140,90,-1.43981e+10
140,91,-2.07263e+09
140,124,4.27683e+09
140,125,9.95212e+09
140,126,-2.79551e+09
140,153,6.69627e+07
140,178,-4.27683e+09
140,179,-1.00191e+10
140,180,2.79551e+09
141,35,2.08575e+09
141,36,1.04963e+09
141,37,1.43667e+10
141,65,-4.2633e-09
141,89,-2.08575e+09
141,90,-1.04963e+09
141,91,-1.43667e+10
141,124,-3.47218e+09
141,125,3.48712e+09
141,126,1.02984e+10
141,154,6.77482e+07
141,178,3.47218e+09
141,179,-3.48712e+09
141,180,-1.03661e+10
142,0,4.89158e+07
142,1,-1.44534e+07
142,2,1.74434e+07
142,3,-1.21865e+08
142,4,3.60082e+07
142,5,-4.34572e+07
142,6,7.29496e+07
142,7,-2.15548e+07
142,8,2.60138e+07
142,92,1.61529e+08
142,93,3.98187e+07
142,94,5.42217e+06
142,95,-9.66923e+07
142,96,-2.38358e+07
142,97,-3.24575e+06
143,3,7.29496e+07
143,4,-2.15548e+07
143,5,2.60138e+07
143,6,-7.68653e+07
143,7,2.27118e+07
143,8,-2.74101e+07
143,9,3.91569e+06
143,10,-1.15699e+06
143,11,1.39633e+06
143,92,-9.66923e+07
143,93,-2.38358e+07
143,94,-3.24575e+06
143,95,1.01882e+08
143,96,2.51152e+07
143,97,3.41997e+06
143,98,-5.19012e+06
143,99,-1.27943e+06
143,100,-174221
144,6,3.91569e+06
144,7,-1.15699e+06
144,8,1.39633e+06
144,9,-7.2811e+06
144,10,2.15139e+06
144,11,-2.59644e+06
144,13,3.36541e+06
144,14,-994395
144,15,1.2001e+06
144,95,-5.19012e+06
144,96,-1.27943e+06
144,97,-174221
144,98,9.65086e+06
144,99,2.37905e+06
144,100,323959
144,102,-4.46074e+06
144,103,-1.09962e+06
144,104,-149737
145,6,-841863
145,7,1.23762e+06
145,8,4.07063e+06
145,9,1.56542e+06
145,10,-2.30131e+06
145,11,-7.5692e+06
145,13,-723553
145,14,1.06369e+06
145,15,3.49857e+06
145,95,-1.18261e+06
145,96,-26521.2
145,97,-4.923e+06
145,98,2.19903e+06
145,99,49315.2
145,100,9.15416e+06
145,102,-1.01642e+06
145,103,-22794.1
145,104,-4.23116e+06
146,9,3.36541e+06
146,10,-994395
146,11,1.2001e+06
146,13,-7.61037e+06
146,14,2.24868e+06
146,15,-2.71386e+06
146,16,4.24496e+06
146,17,-1.25428e+06
146,18,1.51375e+06
146,98,-4.46074e+06
146,99,-1.09962e+06
146,100,-149737
146,102,1.00873e+07
146,103,2.48664e+06
146,104,338609
146,105,-5.62656e+06
146,106,-1.38701e+06
146,107,-188871
147,9,1.40415e+06
147,10,3.44031e+06
147,11,-550646
147,13,-3.17528e+06
147,14,-7.77976e+06
147,15,1.2452e+06
147,16,1.77113e+06
147,17,4.33944e+06
147,18,-694558
147,98,-354418
147,99,-4.32596e+06
147,100,-955846
147,102,801463
147,103,9.78252e+06
147,104,2.1615e+06
147,105,-447045
147,106,-5.45656e+06
147,107,-1.20566e+06
148,9,-723553
148,10,1.06369e+06
148,11,3.49857e+06
148,13,1.63621e+06
148,14,-2.40538e+06
148,15,-7.9115e+06
148,16,-912655
148,17,1.34169e+06
148,18,4.41293e+06
148,98,-1.01642e+06
148,99,-22794.1
148,100,-4.23116e+06
148,102,2.29848e+06
148,103,51545.4
148,104,9.56814e+06
148,105,-1.28206e+06
148,106,-28751.3
148,107,-5.33698e+06
149,13,4.24496e+06
149,14,-1.25428e+06
149,15,1.51375e+06
149,16,-6.49159e+07
149,17,1.25428e+06
149,18,-1.51375e+06
149,86,5.64381e+07
149,102,-5.62656e+06
149,103,-1.38701e+06
149,104,-188871
149,105,5.62656e+06
149,106,1.38701e+06
149,107,188871
150,13,1.77113e+06
150,14,4.33944e+06
150,15,-694558
150,16,-1.77113e+06
150,17,-6.01725e+07
150,18,694558
150,87,5.41412e+07
150,102,-447045
150,103,-5.45656e+06
150,104,-1.20566e+06
150,105,447045
150,106,5.45656e+06
150,107,1.20566e+06
151,13,-912655
151,14,1.34169e+06
151,15,4.41293e+06
151,16,912655
151,17,-1.34169e+06
151,18,-6.0246e+07
151,88,5.41412e+07
151,102,-1.28206e+06
151,103,-28751.3
151,104,-5.33698e+06
151,105,1.28206e+06
151,106,28751.3
151,107,5.33698e+06
152,19,-3.02057e+08
152,20,1.1277e+08
152,21,-1.04065e+08
152,22,3.19601e+07
152,25,7.95913e+06
152,26,-3.32308e+06
152,27,3.06656e+06
152,60,2.62138e+08
152,61,-1.09447e+08
152,62,1.00999e+08
152,108,6.01126e+08
152,109,7.15424e+07
152,110,4.95902e+07
152,111,-6.79851e+07
152,114,-1.57104e+07
152,115,-2.10819e+06
152,116,-1.46131e+06
152,149,-5.1743e+08
152,150,-6.94342e+07
152,151,-4.81289e+07
153,19,8.79626e+07
153,20,-9.31659e+07
153,21,-2.73543e+08
153,25,-2.59206e+06
153,26,2.74538e+06
153,27,8.06069e+06
153,60,-8.53706e+07
153,61,9.04205e+07
153,62,2.65483e+08
153,108,7.27912e+07
153,109,3.51405e+07
153,110,4.80983e+08
153,114,-2.14499e+06
153,115,-1.03551e+06
153,116,-1.41734e+07
153,149,-7.06462e+07
153,150,-3.4105e+07
153,151,-4.66809e+08
154,19,7.95913e+06
154,20,-3.32308e+06
154,21,3.06656e+06
154,25,-1.04701e+08
154,26,4.37144e+07
154,27,-4.03398e+07
154,29,9.67414e+07
154,30,-4.03913e+07
154,31,3.72733e+07
154,108,-1.57104e+07
154,109,-2.10819e+06
154,110,-1.46131e+06
154,114,2.06667e+08
154,115,2.77327e+07
154,116,1.92232e+07
154,118,-1.90956e+08
154,119,-2.56245e+07
154,120,-1.77618e+07
155,25,3.9034e+07
155,26,9.57923e+07
155,27,-2.67512e+07
155,29,-4.06381e+07
155,30,-9.9729e+07
155,31,2.78506e+07
155,32,1.60414e+06
155,33,3.93667e+06
155,34,-1.09937e+06
155,114,-2.50644e+07
155,115,-1.73662e+08
155,116,-2.49988e+07
155,118,2.60944e+07
155,119,1.80799e+08
155,120,2.60262e+07
155,121,-1.03004e+06
155,122,-7.13678e+06
155,123,-1.02735e+06
156,38,1.25153e+08
156,39,3.07134e+08
156,40,-8.57711e+07
156,48,-1.5111e+08
156,49,-3.70836e+08
156,50,1.03561e+08
156,51,2.59576e+07
156,52,6.37019e+07
156,53,-1.77896e+07
156,127,-8.68922e+07
156,128,-5.95083e+08
156,129,-8.61639e+07
156,137,1.04914e+08
156,138,7.18508e+08
156,139,1.04035e+08
156,140,-1.80221e+07
156,141,-1.23425e+08
156,142,-1.7871e+07
157,38,-1.01606e+08
157,39,1.07617e+08
157,40,3.15972e+08
157,48,1.2268e+08
157,49,-1.29937e+08
157,50,-3.81507e+08
157,51,-2.10739e+07
157,52,2.23205e+07
157,53,6.55349e+07
157,127,-9.09133e+07
157,128,-4.33817e+07
157,129,-5.97255e+08
157,137,1.09769e+08
157,138,5.23794e+07
157,139,7.2113e+08
157,140,-1.88561e+07
157,141,-8.99769e+06
157,142,-1.23875e+08
158,51,2.41388e+07
158,52,-1.00784e+07
158,53,9.3004e+06
158,54,-1.89923e+08
158,55,7.92961e+07
158,56,-7.31748e+07
158,57,1.65784e+08
158,58,-6.92177e+07
158,59,6.38744e+07
158,140,-5.15186e+07
158,141,-6.83339e+06
158,142,-4.76432e+06
158,143,4.05345e+08
158,144,5.37646e+07
158,145,3.74853e+07
158,146,-3.53826e+08
158,147,-4.69312e+07
158,148,-3.2721e+07
159,19,2.62138e+08
159,20,-1.09447e+08
159,21,1.00999e+08
159,60,-8.38841e+09
159,61,3.50232e+09
159,62,-3.23195e+09
159,86,8.12628e+09
159,87,-3.39287e+09
159,88,3.13095e+09
159,108,-5.1743e+08
159,109,-6.94342e+07
159,110,-4.81289e+07
159,149,1.65578e+10
159,150,2.2219e+09
159,151,1.54012e+09
159,175,-1.60403e+10
159,176,-2.15246e+09
159,177,-1.49199e+09
160,19,1.05769e+08
160,20,2.59566e+08
160,21,-7.24872e+07
160,60,-3.38462e+09
160,61,-8.30612e+09
160,62,2.31959e+09
160,86,3.27885e+09
160,87,8.04655e+09
160,88,-2.2471e+09
160,108,-6.79164e+07
160,109,-4.70567e+08
160,110,-6.77387e+07
160,149,2.17333e+09
160,150,1.50582e+10
160,151,2.16764e+09
160,175,-2.10541e+09
160,176,-1.45876e+10
160,177,-2.0999e+09
161,19,-8.53706e+07
161,20,9.04205e+07
161,21,2.65483e+08
161,60,2.73186e+09
161,61,-2.89346e+09
161,62,-8.49544e+09
161,86,-2.64649e+09
161,87,2.80304e+09
161,88,8.22996e+09
161,108,-7.06462e+07
161,109,-3.4105e+07
161,110,-4.66809e+08
161,149,2.26068e+09
161,150,1.09136e+09
161,151,1.49379e+10
161,175,-2.19003e+09
161,176,-1.05726e+09
161,177,-1.44711e+10
162,63,-6.81883e+07
162,64,921224
162,65,-850110
162,66,2.20643e+06
162,67,-921224
162,68,850110
162,89,6.10237e+07
162,152,4.35523e+06
162,153,584431
162,154,405103
162,155,-4.35523e+06
162,156,-584431
162,157,-405103
163,63,-890267
163,64,-6.40263e+07
163,65,610128
163,66,890267
163,67,2.18478e+06
163,68,-610128
163,90,5.78634e+07
163,152,571656
163,153,3.96079e+06
163,154,570160
163,155,-571656
163,156,-3.96079e+06
163,157,-570160
163,179,-4.2633e-09
164,63,718569
164,64,-761074
164,65,-6.48015e+07
164,66,-718569
164,67,761074
164,68,2.23458e+06
164,91,5.82018e+07
164,152,594633
164,153,287064
164,154,3.92916e+06
164,155,-594633
164,156,-287064
164,157,-3.92916e+06
164,180,4.2633e-09
165,32,1.56275e+08
165,33,-6.52475e+07
165,34,6.02107e+07
165,63,2.20643e+06
165,64,-921224
165,65,850110
165,66,-1.58481e+08
165,67,6.61687e+07
165,68,-6.10608e+07
165,121,-3.08468e+08
165,122,-4.13935e+07
165,123,-2.86922e+07
165,152,-4.35523e+06
165,153,-584431
165,154,-405103
165,155,3.12823e+08
165,156,4.19779e+07
165,157,2.90973e+07
166,32,-5.0894e+07
166,33,5.39045e+07
166,34,1.58268e+08
166,63,-718569
166,64,761074
166,65,2.23458e+06
166,66,5.16126e+07
166,67,-5.46656e+07
166,68,-1.60503e+08
166,121,-4.2116e+07
166,122,-2.03318e+07
166,123,-2.7829e+08
166,152,-594633
166,153,-287064
166,154,-3.92916e+06
166,155,4.27107e+07
166,156,2.06189e+07
166,157,2.82219e+08
167,41,3.13805e+08
167,42,-1.31019e+08
167,43,1.20905e+08
167,76,-3.13805e+08
167,77,1.31019e+08
167,78,-1.20905e+08
167,130,-6.69742e+08
167,131,-8.88341e+07
167,132,-6.19361e+07
167,165,6.69742e+08
167,166,8.88341e+07
167,167,6.19361e+07
168,41,-1.01606e+08
168,42,1.07617e+08
168,43,3.15972e+08
168,76,1.01606e+08
168,77,-1.07617e+08
168,78,-3.15972e+08
168,130,-9.09133e+07
168,131,-4.33817e+07
168,132,-5.97255e+08
168,165,9.09133e+07
168,166,4.33817e+07
168,167,5.97255e+08
169,35,1.22913e+06
169,80,-1.22913e+06
169,81,5.08124e-12
169,82,1.54817e+06
169,83,-8.12998e-11
169,84,-5.08124e-12
169,85,-1.54817e+06
169,124,-698576
169,169,698576
169,170,-1.0185e-11
169,171,1.35738e+06
169,173,1.0185e-11
169,174,-1.35738e+06
170,36,1.16547e+06
170,80,4.81809e-12
170,81,-1.54357e+06
170,82,177532
170,83,-4.81809e-12
170,84,378099
170,85,-177532
170,125,-628094
170,169,1.0185e-11
170,170,1.05498e+06
170,171,662438
170,172,-1.0185e-11
170,173,-426884
170,174,-662438
171,37,1.17229e+06
171,80,224895
171,81,-585016
171,82,4.80317e+06
171,83,-224895
171,84,585016
171,85,-5.97546e+06
171,126,-635461
171,169,-2.23936e+06
171,170,-152253
171,171,1.11567e+06
171,172,2.23936e+06
171,173,152253
171,174,-480209
172,16,6.06709e+07
172,60,8.12628e+09
172,61,-3.39287e+09
172,62,3.13095e+09
172,86,-8.18271e+09
172,87,3.39287e+09
172,88,-3.13095e+09
172,149,-1.60403e+10
172,150,-2.15246e+09
172,151,-1.49199e+09
172,175,1.60403e+10
172,176,2.15246e+09
172,177,1.49199e+09
173,17,5.58331e+07
173,60,3.27885e+09
173,61,8.04655e+09
173,62,-2.2471e+09
173,86,-3.27885e+09
173,87,-8.10069e+09
173,88,2.2471e+09
173,149,-2.10541e+09
173,150,-1.45876e+10
173,151,-2.0999e+09
173,175,2.10541e+09
173,176,1.45876e+10
173,177,2.0999e+09
174,18,5.58331e+07
174,60,-2.64649e+09
174,61,2.80304e+09
174,62,8.22996e+09
174,86,2.64649e+09
174,87,-2.80304e+09
174,88,-8.2841e+09
174,149,-2.19003e+09
174,150,-1.05726e+09
174,151,-1.44711e+10
174,175,2.19003e+09
174,176,1.05726e+09
174,177,1.44711e+10
175,35,8.78654e+09
175,36,-3.66854e+09
175,37,3.38534e+09
175,63,6.59818e+07
175,89,-8.84756e+09
175,90,3.66854e+09
175,91,-3.38534e+09
175,124,-1.87528e+10
175,125,-2.48735e+09
175,126,-1.73421e+09
175,178,1.87528e+10
175,179,2.48735e+09
175,180,1.73421e+09
176,35,3.50428e+09
176,36,8.59975e+09
176,37,-2.40159e+09
176,64,6.18415e+07
176,89,-3.50428e+09
176,90,-8.65762e+09
176,91,2.40159e+09
176,124,-2.43298e+09
176,125,-1.66623e+10
176,126,-2.41259e+09
176,153,4.2633e-09
176,178,2.43298e+09
176,179,1.66623e+10
176,180,2.41259e+09
177,35,-2.84498e+09
177,36,3.01326e+09
177,37,8.84721e+09
177,65,6.25669e+07
177,89,2.84498e+09
177,90,-3.01326e+09
177,91,-8.90541e+09
177,124,-2.54557e+09
177,125,-1.21469e+09
177,126,-1.67231e+10
177,154,4.2633e-09
177,178,2.54557e+09
177,179,1.21469e+09
177,180,1.67231e+10
178,0,285.717
179,1,285.717
180,2,285.717
