ID;ZMED;HX;RESIDUE
0;0.696429;0.696029;0.000400684
1;0.667879;0.666067;0.00181169
2;0.698642;0.700011;-0.0013696
3;-0.695184;-0.694789;-0.000395254
4;-0.66689;-0.665081;-0.00180857
5;-0.697271;-0.698625;0.00135385
6;0.695184;0.694789;0.000395255
7;0.65189;0.650078;0.00181136
8;0.684771;0.686127;-0.0013551
9;-0.694346;-0.693954;-0.000391647
10;-0.651268;-0.649458;-0.00180932
11;-0.683882;-0.685227;0.00134487
12;0.694346;0.693954;0.000391648
13;0.636268;0.634454;0.00181407
14;0.671382;0.672729;-0.00134694
15;-0.678662;-0.678337;-0.000325031
16;-0.625419;-0.623642;-0.00177693
17;-0.655361;-0.656524;0.00116232
18;0.00800113;0.00800185;-7.20337e-07
19;0.678662;0.678337;0.000325031
20;0.609417;0.607638;0.00177981
21;0.655361;0.656524;-0.00116232
22;-0.008;-0.00800072;7.20485e-07
23;-0.660515;-0.660267;-0.000247513
24;-0.597653;-0.595915;-0.00173794
25;-0.636522;-0.637468;0.000946448
26;0.660515;0.660267;0.000247512
27;0.597653;0.595915;0.00173796
28;0.636522;0.637468;-0.000946444
29;-0.646128;-0.645942;-0.000186057
30;-0.588326;-0.586622;-0.00170477
31;-0.621586;-0.622361;0.000775305
32;0.646128;0.645942;0.000186054
33;0.588326;0.586622;0.00170478
34;0.621586;0.622361;-0.000775296
35;0.172879;0.172852;2.67471e-05
36;0.47305;0.472892;0.000158603
37;0.585673;0.583968;0.00170474
38;0.621365;0.622138;-0.000772741
39;-0.645929;-0.645744;-0.000185352
40;-0.588173;-0.586468;-0.00170418
41;-0.621365;-0.622138;0.000772748
42;-0.172725;-0.172698;-2.67001e-05
43;0.155725;0.1557;2.52678e-05
44;-0.152199;-0.152175;-2.41616e-05
45;0.0676994;0.0676951;4.25385e-06
46;-0.0675;-0.0674958;-4.2127e-06
47;-0.470074;-0.469931;-0.000142898
48;-0.580123;-0.578441;-0.00168215
49;-0.614598;-0.61529;0.000691569
50;0.0200038;0.0200171;-1.32276e-05
51;0.470074;0.469931;0.000142896
52;0.537619;0.535874;0.00174558
53;0.612598;0.61329;-0.000691354
54;-0.02;-0.0200132;1.32257e-05
55;-0.469832;-0.46969;-0.000141591
56;-0.537238;-0.535494;-0.00174379
57;-0.612033;-0.612717;0.000684638
58;0.466332;0.46619;0.000141495
59;0.537238;0.535494;0.00174381
60;0.610033;0.610717;-0.000684428
61;-0.460531;-0.460421;-0.000110056
62;-0.527933;-0.526233;-0.00170011
63;-0.596378;-0.5969;0.000522105
64;0.447031;0.446923;0.000107819
65;0.517933;0.516222;0.00171179
66;0.571378;0.571826;-0.000447646
67;0.267777;0.267746;3.10232e-05
68;0.330041;0.33098;-0.000939536
69;0.374854;0.377408;-0.00255425
70;-0.436968;-0.436914;-5.43066e-05
71;-0.497903;-0.496269;-0.00163482
72;-0.548555;-0.54874;0.000185674
73;0.165692;0.165668;2.31133e-05
74;0.166863;0.164288;0.0025745
75;0.170701;0.168329;0.00237137
76;0.085035;0.0850299;5.03918e-06
77;0.0990671;0.0991993;-0.000132178
78;0.126075;0.12685;-0.000774758
79;0.16425;0.164232;1.78364e-05
80;0.203238;0.203992;-0.000754119
81;0.175232;0.17624;-0.00100746
82;-0.259284;-0.259261;-2.32289e-05
83;-0.319805;-0.320724;0.000918907
84;-0.362807;-0.365269;0.00246157
85;0.0180007;0.0180005;1.36014e-07
86;0.0200006;0.020009;-8.40344e-06
87;0.00900017;0.00900124;-1.07835e-06
88;-1.3e-10;-2.35701e-10;1.05701e-10
89;0.0280025;0.0280124;-9.88184e-06
90;-9e-11;3.20415e-09;-3.29415e-09
91;-0.0420007;-0.0419998;-8.55136e-07
92;-0.0640031;-0.0640375;3.44161e-05
93;-0.0300002;-0.0300188;1.8684e-05
94;-0.014;-0.0140025;2.47151e-06
95;-0.018;-0.0179999;-1.35108e-07
96;-0.02;-0.0200084;8.40341e-06
97;-0.009;-0.00900108;1.0758e-06
98;-0.16423;-0.164212;-1.77478e-05
99;-0.203216;-0.20397;0.000753949
100;-0.175212;-0.176219;0.00100705
101;0.15973;0.159712;1.77027e-05
102;0.203216;0.20397;-0.000753931
103;0.175212;0.176219;-0.00100702
104;-0.159638;-0.15962;-1.7279e-05
105;-0.203108;-0.203861;0.000753107
106;-0.175114;-0.176119;0.00100504
107;0.0201376;0.0201378;-2.10525e-07
108;0.0556084;0.0556277;-1.9324e-05
109;0.0301143;0.0301203;-6.03692e-06
110;-0.0200184;-0.0200183;-1.31227e-07
111;-0.0555137;-0.0555333;1.95444e-05
112;-0.0300148;-0.030022;7.16481e-06
113;0.0200184;0.0200183;1.30925e-07
114;0.0315137;0.0315209;-7.12721e-06
115;0.0200148;0.0200188;-4.03416e-06
116;-0.02;-0.0199998;-1.79592e-07
117;-0.0315;-0.0315072;7.15635e-06
118;-0.02;-0.0200042;4.20572e-06
119;-0.646121;-0.645935;-0.00018603
120;-0.588322;-0.586617;-0.00170478
121;-0.621579;-0.622354;0.000775207
122;0.646121;0.645935;0.000186029
123;0.588322;0.586617;0.0017048
124;0.621579;0.622354;-0.000775198
125;-0.436971;-0.436916;-5.43265e-05
126;-0.497907;-0.496272;-0.00163478
127;-0.54856;-0.548746;0.000185884
128;0.436971;0.436916;5.43225e-05
129;0.497907;0.496272;0.00163481
130;0.54856;0.548746;-0.000185812
131;-0.446891;-0.446784;-0.000107075
132;-0.517706;-0.515996;-0.0017107
133;-0.571061;-0.571505;0.000444005
134;0.00200031;0.00200048;-1.72453e-07
135;0.446891;0.446784;0.000107072
136;0.513706;0.511995;0.00171139
137;0.571061;0.571505;-0.000443976
138;-0.002;-0.00200017;1.7258e-07
139;-0.267314;-0.267286;-2.77017e-05
140;-0.329227;-0.330161;0.000934053
141;-0.37366;-0.376182;0.00252286
142;0.001;0.000999999;5.00846e-09
143;0.259814;0.259787;2.70617e-05
144;0.320727;0.321652;-0.000925247
145;0.36416;0.366657;-0.00249734
146;-0.0850113;-0.0850064;-4.89802e-06
147;-0.099024;-0.099156;0.000132031
148;-0.126004;-0.126777;0.000773237
149;0.0420113;0.0420105;8.72572e-07
150;0.064024;0.0640584;-3.44247e-05
151;0.0300042;0.030023;-1.87551e-05
152;-0;1.00812e-10;-1.00812e-10
153;-0.028002;-0.0280119;9.88188e-06
154;-0;-3.2926e-09;3.2926e-09
155;0.014002;0.0140045;-2.47084e-06
156;-0.001;-0.000999995;-5.00773e-09
157;0.162182;0.162166;1.61273e-05
158;0.162876;0.160381;0.00249506
159;0.166116;0.163853;0.00226347
160;-0.162182;-0.162166;-1.61307e-05
161;-0.162876;-0.160381;-0.002495
162;-0.166116;-0.163853;-0.00226323
163;-0.15;-0.15003;3.02048e-05
164;-0.15;-0.151456;0.00145596
165;-0.15;-0.159848;0.0098477
166;0.646128;0.645942;0.000186052
167;0.588326;0.586622;0.0017048
168;0.621586;0.622361;-0.000775286
169;-0.646128;-0.645942;-0.000186054
170;-0.588326;-0.586622;-0.00170478
171;-0.621586;-0.622361;0.000775296
172;0.436971;0.436916;5.43189e-05
173;0.497907;0.496272;0.00163484
174;0.54856;0.548746;-0.000185735
175;-0.436971;-0.436916;-5.43225e-05
176;-0.497907;-0.496272;-0.00163481
177;-0.54856;-0.548746;0.000185812
178;0.13867;0.138621;4.88726e-05
179;0.148102;0.147952;0.000150155
180;0.19637;0.194705;0.00166562
181;-0.137753;-0.137706;-4.7497e-05
182;-0.147317;-0.147174;-0.000142505
183;-0.195384;-0.193703;-0.00168046
184;0.137753;0.137706;4.7499e-05
185;0.139817;0.139673;0.000143648
186;0.188384;0.186697;0.00168684
187;-0.13713;-0.137084;-4.65641e-05
188;-0.139316;-0.139178;-0.000138656
189;-0.187755;-0.186058;-0.00169642
190;0.13713;0.137084;4.65672e-05
191;0.131816;0.131676;0.000140619
192;0.180755;0.179047;0.00170749
193;-0.125379;-0.12535;-2.88848e-05
194;-0.122956;-0.122906;-5.01452e-05
195;-0.169625;-0.167745;-0.00187927
196;0.00400058;0.00400084;-2.60317e-07
197;0.125379;0.12535;2.88894e-05
198;0.114955;0.114904;5.11864e-05
199;0.169625;0.167745;0.00187935
200;-0.004;-0.00400026;2.60397e-07
201;-0.111479;-0.11147;-8.22323e-06
202;-0.10536;-0.105411;5.11358e-05
203;-0.156696;-0.154618;-0.00207855
204;0.111479;0.11147;8.22844e-06
205;0.10536;0.105411;-5.11228e-05
206;0.156696;0.154618;0.00207867
207;-0.100458;-0.100467;8.1567e-06
208;-0.0977529;-0.0978852;0.000132244
209;-0.146447;-0.14421;-0.0022366
210;0.100458;0.100466;-8.15186e-06
211;0.0977529;0.0978852;-0.000132234
212;0.146447;0.14421;0.00223677
213;0.0890581;0.0890719;-1.3869e-05
214;0.00892305;0.00891912;3.9348e-06
215;0.0946192;0.0947646;-0.000145409
216;0.143848;0.141581;0.0022673
217;-0.0979811;-0.0979911;9.9376e-06
218;-0.0956192;-0.0957645;0.000145355
219;-0.143848;-0.141581;-0.00226696
220;-0.0889764;-0.0889903;1.38939e-05
221;0.0804764;0.0804896;-1.31577e-05
222;-0.0786058;-0.0786195;1.37447e-05
223;0.0351058;0.0351082;-2.43351e-06
224;-0.035;-0.0350025;2.45536e-06
225;-0.00749967;-0.00749755;-2.1124e-06
226;-0.0922906;-0.0924629;0.000172332
227;-0.139797;-0.137472;-0.00232532
228;0.010002;0.00999917;2.84656e-06
229;0.00749967;0.00749753;2.13645e-06
230;0.0712886;0.0714741;-0.000185514
231;0.138797;0.13647;0.0023269
232;-0.01;-0.00999715;-2.8476e-06
233;-0.00737181;-0.00736983;-1.98629e-06
234;-0.0711366;-0.0713241;0.000187597
235;-0.138468;-0.136136;-0.00233161
236;0.00587181;0.00586944;2.3717e-06
237;0.0711366;0.0713242;-0.000187636
238;0.137468;0.135134;0.00233342
239;-0.00282353;-0.00282472;1.19707e-06
240;-0.0674271;-0.0676653;0.000238282
241;-0.129502;-0.127055;-0.0024475
242;-0.00367647;-0.00367859;2.11349e-06
243;0.0624271;0.0626712;-0.000244178
244;0.119502;0.116845;0.00265755
245;-0.102157;-0.101911;-0.000246412
246;-0.041423;-0.0418542;0.000431229
247;0.00520749;0.00525456;-4.70722e-05
248;0.00992596;0.00991942;6.54368e-06
249;-0.0525166;-0.0528589;0.000342308
250;-0.104296;-0.101428;-0.00286758
251;0.0907315;0.0904913;0.000240197
252;0.0934396;0.0942134;-0.000773787
253;0.0975885;0.0946648;0.00292363
254;0.0510128;0.0510458;-3.29894e-05
255;0.0590339;0.0589725;6.14592e-05
256;0.0725461;0.0723864;0.000159752
257;-0.162274;-0.162063;-0.000210271
258;-0.114578;-0.114926;0.00034777
259;-0.10484;-0.104591;-0.00024883
260;0.106261;0.106016;0.000244843
261;0.0465442;0.0469633;-0.000419134
262;0.00129393;0.00131397;-2.00407e-05
263;0.0115002;0.0115012;-1.00004e-06
264;0.0125005;0.0124969;3.57557e-06
265;0.00700004;0.00699957;4.69886e-07
266;-1.84e-09;3.40492e-11;-1.87405e-09
267;0.0140018;0.0139991;2.69125e-06
268;-1.35e-09;-3.71506e-09;2.36506e-09
269;-0.0235002;-0.0235045;4.26682e-06
270;-0.0350023;-0.0349911;-1.12263e-05
271;-0.018;-0.0179961;-3.95526e-06
272;-0.007;-0.00699933;-6.72527e-07
273;-0.0115;-0.011501;9.99896e-07
274;-0.0125;-0.0124964;-3.57492e-06
275;-0.007;-0.00699953;-4.71005e-07
276;0.162283;0.162073;0.000210277
277;0.114588;0.114936;-0.000347797
278;0.104851;0.104602;0.000248575
279;-0.164783;-0.164573;-0.00020998
280;-0.114588;-0.114936;0.000347779
281;-0.104851;-0.104602;-0.000248614
282;0.16483;0.16462;0.000210006
283;0.114636;0.114984;-0.000347904
284;0.104904;0.104657;0.000247378
285;-0.157015;-0.157107;9.19136e-05
286;-0.122164;-0.122251;8.73461e-05
287;-0.120647;-0.119068;-0.00157853
288;0.157076;0.157168;-9.21561e-05
289;0.122205;0.122292;-8.74176e-05
290;0.120698;0.119119;0.00157937
291;-0.157076;-0.157169;9.21659e-05
292;-0.133705;-0.133792;8.68048e-05
293;-0.126198;-0.124606;-0.00159215
294;0.157085;0.157177;-9.21994e-05
295;0.133712;0.133799;-8.6824e-05
296;0.126205;0.124613;0.00159227
297;-0.0980805;-0.0980903;9.77354e-06
298;-0.0956939;-0.0958384;0.000144514
299;-0.143952;-0.141687;-0.00226505
300;0.0980805;0.0980903;-9.76963e-06
301;0.0956939;0.0958384;-0.000144519
302;0.143952;0.141686;0.00226533
303;0.00893599;0.00893007;5.9185e-06
304;-0.0539562;-0.0542882;0.000331979
305;-0.106245;-0.1034;-0.0028447
306;-0.00893599;-0.00893017;-5.81481e-06
307;0.0539562;0.0542883;-0.000332107
308;0.106245;0.103399;0.00284543
309;0.00374908;0.00375108;-2.00089e-06
310;-0.0623348;-0.0625802;0.000245404
311;-0.119317;-0.116657;-0.00266015
312;0.00100007;0.000999954;1.20506e-07
313;-0.00374908;-0.00375117;2.09416e-06
314;0.0603347;0.0605806;-0.000245886
315;0.119317;0.116657;0.00266077
316;-0.001;-0.00099988;-1.20393e-07
317;0.102438;0.102192;0.000246092
318;0.0417148;0.042145;-0.000430289
319;-0.00450244;-0.00452911;2.66674e-05
320;0.000499995;0.000500003;-8.14225e-09
321;-0.105938;-0.105693;-0.000245204
322;-0.0462148;-0.0466349;0.000420177
323;-0.00049756;-0.000494336;-3.22344e-06
324;-0.0510029;-0.0510359;3.30384e-05
325;-0.0590165;-0.0589551;-6.13597e-05
326;-0.0725021;-0.0723412;-0.000160801
327;0.0235029;0.0235072;-4.26959e-06
328;0.0350165;0.0350052;1.12437e-05
329;0.0180021;0.0179981;3.91786e-06
330;-0;-1.87032e-09;1.87032e-09
331;-0.0140015;-0.0139988;-2.69122e-06
332;0;2.3814e-09;-2.3814e-09
333;0.00700148;0.00700081;6.73037e-07
334;-0.0005;-0.000500008;8.14876e-09
335;0.0831956;0.0829704;0.000225256
336;0.0848788;0.0858237;-0.000944823
337;0.0877444;0.0850517;0.00269265
338;-0.0831956;-0.0829704;-0.000225202
339;-0.0848788;-0.0858233;0.000944509
340;-0.0877444;-0.085053;-0.00269141
341;-0.075;-0.0748082;-0.000191795
342;-0.075;-0.0709459;-0.00405413
343;-0.075;-0.0902501;0.0152501
344;0.0980837;0.0980935;-9.76813e-06
345;0.0956963;0.0958408;-0.000144487
346;0.143955;0.14169;0.002265
347;-0.0980837;-0.0980935;9.77254e-06
348;-0.0956963;-0.0958408;0.000144489
349;-0.143955;-0.14169;-0.00226478
350;-0.00992477;-0.00991823;-6.54183e-06
351;0.0525181;0.0528604;-0.000342288
352;0.104299;0.101431;0.00286753
353;0.00992477;0.00991816;6.61088e-06
354;-0.0525181;-0.0528602;0.000342101
355;-0.104299;-0.101432;-0.00286668
356;-0.696429;-0.696029;-0.000400684
357;-0.667879;-0.666067;-0.00181169
358;-0.698642;-0.700011;0.0013696
359;0;5.3917e-10;-5.3917e-10
360;0.015;0.0150028;-2.79426e-06
361;0.0125;0.0124988;1.24997e-06
362;-0;8.89943e-10;-8.89943e-10
363;0.015;0.0150048;-4.75158e-06
364;0.0125;0.0124979;2.07525e-06
365;0;1.79313e-10;-1.79313e-10
366;0.008;0.00800216;-2.15999e-06
367;0;-1.32918e-09;1.32918e-09
368;0.008;0.00800072;-7.20485e-07
369;-0;-1.00567e-09;1.00567e-09
370;0;1.17965e-08;-1.17965e-08
371;-0;3.34176e-09;-3.34176e-09
372;-0;-2.23719e-09;2.23719e-09
373;-0;1.49189e-08;-1.49189e-08
374;0;9.14389e-09;-9.14389e-09
375;-0;-1.67093e-09;1.67093e-09
376;0.0025;0.00250056;-5.63581e-07
377;0;7.89763e-09;-7.89763e-09
378;0.017;0.0169986;1.4324e-06
379;0.0845;0.0844801;1.99077e-05
380;0.0675;0.0674958;4.2127e-06
381;-0;-2.19258e-09;2.19258e-09
382;0.0225;0.0225502;-5.02033e-05
383;0.002;0.00200022;-2.15081e-07
384;0.02;0.0200132;-1.32257e-05
385;0.0035;0.0034999;9.59562e-08
386;0;2.75005e-08;-2.75005e-08
387;0.002;0.00200021;-2.10234e-07
388;0.0135;0.0134978;2.23655e-06
389;0.01;0.0100117;-1.16807e-05
390;0.025;0.0250745;-7.44586e-05
391;0.0035;0.00349983;1.70025e-07
392;0.001;0.00100014;-1.39888e-07
393;0.003;0.0030028;-2.79672e-06
394;0.01;0.00999965;3.53314e-07
395;0.0175;0.0175326;-3.26096e-05
396;0.0615;0.0621793;-0.000679348
397;0.024;0.0239993;7.19026e-07
398;0.016;0.0160161;-1.61308e-05
399;0.021;0.0210176;-1.76023e-05
400;0.014;0.0140025;-2.47151e-06
401;0.018;0.0179999;1.35108e-07
402;0.02;0.0200084;-8.40341e-06
403;0.009;0.00900108;-1.0758e-06
404;0.0045;0.00449995;4.50982e-08
405;-0;1.73338e-08;-1.73338e-08
406;-0;2.81855e-08;-2.81855e-08
407;0.1395;0.139483;1.74895e-05
408;0.1475;0.148234;-0.000733783
409;0.145;0.145999;-0.000999002
410;0;-3.014e-10;3.014e-10
411;0.024;0.0240124;-1.24172e-05
412;0.01;0.0100031;-3.13065e-06
413;0.02;0.0199998;1.79592e-07
414;0.0315;0.0315072;-7.15635e-06
415;0.02;0.0200042;-4.20572e-06
416;-0;-1.86932e-09;1.86932e-09
417;1e-11;1.99111e-08;-1.99011e-08
418;-1e-11;8.71592e-09;-8.72592e-09
419;0;-4.03996e-09;4.03996e-09
420;-0;2.89771e-08;-2.89771e-08
421;-0;7.1973e-08;-7.1973e-08
422;0;-2.81386e-09;2.81386e-09
423;0.002;0.00200052;-5.17353e-07
424;0;2.93211e-08;-2.93211e-08
425;0.002;0.00200017;-1.7258e-07
426;0.0065;0.00649937;6.34947e-07
427;0.0085;0.00850881;-8.8064e-06
428;0.0095;0.00952552;-2.5516e-05
429;0.043;0.042996;4.02545e-06
430;0.035;0.0350976;-9.76067e-05
431;0.096;0.0967545;-0.000754481
432;0;-1.00812e-10;1.00812e-10
433;0.014;0.0140074;-7.41104e-06
434;0;3.2926e-09;-3.2926e-09
435;0.001;0.000999995;5.00773e-09
436;0;-3.36939e-09;3.36939e-09
437;-0;6.10035e-08;-6.10035e-08
438;0;2.41815e-07;-2.41815e-07
439;0.15;0.15003;-3.02048e-05
440;0.15;0.151456;-0.00145596
441;0.15;0.159848;-0.0098477
442;-1e-11;-2.10794e-09;2.09794e-09
443;0;1.7437e-08;-1.7437e-08
444;-1e-11;9.73702e-09;-9.74702e-09
445;2e-11;-3.54567e-09;3.56567e-09
446;1e-11;3.13692e-08;-3.13592e-08
447;0;7.72256e-08;-7.72256e-08
448;-0.13867;-0.138621;-4.88726e-05
449;-0.148102;-0.147952;-0.000150155
450;-0.19637;-0.194705;-0.00166562
451;-0;1.92823e-09;-1.92823e-09
452;0.0075;0.00750114;-1.14259e-06
453;0.007;0.00700638;-6.38384e-06
454;0;3.18521e-09;-3.18521e-09
455;0.0075;0.00750196;-1.96252e-06
456;0.007;0.00701107;-1.107e-05
457;-0;4.54252e-09;-4.54252e-09
458;0.004;0.00400078;-7.80893e-07
459;0;8.52327e-08;-8.52327e-08
460;0.004;0.00400026;-2.60397e-07
461;0;5.20884e-09;-5.20884e-09
462;-0;1.29837e-08;-1.29837e-08
463;-0;1.23019e-07;-1.23019e-07
464;-0;4.84331e-09;-4.84331e-09
465;0;9.68374e-09;-9.68374e-09
466;0;1.70734e-07;-1.70734e-07
467;-0;3.38971e-09;-3.38971e-09
468;0.001;0.000999946;5.36614e-08
469;-0;3.32379e-07;-3.32379e-07
470;0.0085;0.00850074;-7.36211e-07
471;0.0435;0.0435113;-1.13112e-05
472;0.035;0.0350025;-2.45536e-06
473;0;2.40462e-08;-2.40462e-08
474;0.011;0.0109897;1.03352e-05
475;0.001;0.00100158;-1.57516e-06
476;0.01;0.00999715;2.8476e-06
477;0.0015;0.00150039;-3.85404e-07
478;-0;-3.92513e-08;3.92513e-08
479;0.001;0.00100182;-1.818e-06
480;0.0065;0.00650331;-3.31057e-06
481;0.005;0.0049941;5.89618e-06
482;0.01;0.0102101;-0.00021005
483;0.0015;0.00150033;-3.28764e-07
484;0.0005;0.00049975;2.50192e-07
485;0.0015;0.00150898;-8.98231e-06
486;0.005;0.00500158;-1.58335e-06
487;0.009;0.0089901;9.90478e-06
488;0.031;0.0308909;0.000109118
489;0.012;0.0120033;-3.2649e-06
490;0.0085;0.00849504;4.9595e-06
491;0.011;0.0109965;3.48301e-06
492;0.007;0.00699933;6.72527e-07
493;0.0115;0.011501;-9.99896e-07
494;0.0125;0.0124964;3.57492e-06
495;0.007;0.00699953;4.71005e-07
496;0.0025;0.0025003;-2.9625e-07
497;0;-1.7157e-08;1.7157e-08
498;0;-3.93433e-08;3.93433e-08
499;0.1075;0.107871;-0.000371136
500;0.111;0.110799;0.000201414
501;0.1105;0.108003;0.00249732
502;0;9.88287e-09;-9.88287e-09
503;0.0115;0.0114994;6.12809e-07
504;0.0055;0.00548723;1.2774e-05
505;0.016;0.0160121;-1.21418e-05
506;0.0215;0.0215023;-2.34683e-06
507;0.016;0.0158407;0.000159308
508;0;3.92561e-09;-3.92561e-09
509;2e-11;-5.44497e-09;5.46497e-09
510;1e-11;2.78193e-07;-2.78183e-07
511;-0;1.03686e-07;-1.03686e-07
512;0;-1.27263e-07;1.27263e-07
513;-0;7.29046e-07;-7.29046e-07
514;0;9.32647e-08;-9.32647e-08
515;0.001;0.000999639;3.61303e-07
516;-0;6.1243e-07;-6.1243e-07
517;0.001;0.00099988;1.20393e-07
518;0.003;0.00300088;-8.79813e-07
519;0.0045;0.00448989;1.01122e-05
520;0.005;0.00502344;-2.34439e-05
521;0.0275;0.0275288;-2.87688e-05
522;0.024;0.0239499;5.0116e-05
523;0.0545;0.0543431;0.000156883
524;0;1.87032e-09;-1.87032e-09
525;0.007;0.00699798;2.01818e-06
526;0;-2.3814e-09;2.3814e-09
527;0.0005;0.000500008;-8.14876e-09
528;0;5.33013e-08;-5.33013e-08
529;-0;-3.14277e-07;3.14277e-07
530;-0;1.24029e-06;-1.24029e-06
531;0.075;0.0748082;0.000191795
532;0.075;0.0709459;0.00405413
533;0.075;0.0902501;-0.0152501
534;-0;4.41446e-09;-4.41446e-09
535;-3e-11;2.295e-09;-2.325e-09
536;-1e-11;2.24024e-07;-2.24034e-07
537;0;6.90627e-08;-6.90627e-08
538;-1e-11;-1.8633e-07;1.8632e-07
539;-2e-11;8.57779e-07;-8.57799e-07
540;1.05;1.04976;0.00023689
541;1.05;1.05012;-0.000123957
542;1.05;1.04548;0.00452396
543;1.04793;1.0477;0.000229365
544;1.04826;1.04838;-0.000126088
545;1.04771;1.04317;0.0045366
546;1.04654;1.04631;0.000224365
547;1.04714;1.04726;-0.000127513
548;1.04619;1.04165;0.00454488
549;1.02049;1.02036;0.000132113
550;1.02717;1.02733;-0.000152989
551;1.01861;1.01392;0.00469334
552;1.02703;1.02718;-0.000152999
553;0.990491;0.990467;2.48504e-05
554;1.00515;1.00533;-0.000179808
555;0.986363;0.981503;0.00486018
556;0.966884;0.966944;-6.00341e-05
557;0.987798;0.987997;-0.000198793
558;0.960902;0.955914;0.00498743
559;1.03849;1.03856;-6.55381e-05
560;1.01782;1.01802;-0.00020473
561;0.98968;0.984544;0.00513617
562;1.03756;1.03763;-6.56789e-05
563;1.01394;1.01401;-6.93504e-05
564;1.01094;1.011;-6.96585e-05
565;1.0319;1.032;-9.74662e-05
566;1.00778;1.008;-0.000218548
567;0.978039;0.972841;0.00519886
568;1.00759;1.00781;-0.0002185
569;1.03137;1.03147;-0.000100122
570;1.00704;1.00726;-0.000219735
571;0.977067;0.971863;0.00520399
572;1.01848;1.01864;-0.000164575
573;0.989009;0.989257;-0.000248218
574;0.953547;0.94822;0.00532672
575;1.07668;1.07698;-0.000299511
576;1.02267;1.02299;-0.000314259
577;0.980531;0.974617;0.00591408
578;1.07402;1.07435;-0.000321172
579;1.01758;1.01787;-0.000293062
580;0.973759;0.967755;0.00600366
581;1.07351;1.07383;-0.000322972
582;1.01683;1.01712;-0.000292546
583;0.973074;0.967063;0.00601148
584;1.01665;1.01694;-0.000292577
585;1.07348;1.0738;-0.000322996
586;1.01679;1.01708;-0.000292558
587;0.973061;0.967049;0.00601163
588;1.07399;1.07431;-0.000321356
589;1.01752;1.01781;-0.000292652
590;0.973703;0.967698;0.00600451
591;1.07385;1.07417;-0.000322235
592;1.01721;1.0175;-0.000290675
593;0.973433;0.967424;0.00600856
594;1.07415;1.07448;-0.00032355
595;1.0172;1.01749;-0.000291972
596;0.973635;0.967621;0.0060143
597;1.0742;1.07452;-0.000323732
598;1.01722;1.01752;-0.000292161
599;0.973671;0.967656;0.00601506
600;1.03882;1.03888;-6.45521e-05
601;1.01809;1.01829;-0.000204318
602;0.990039;0.984905;0.00513423
603;0.995732;0.996009;-0.000277024
604;0.957188;0.957484;-0.000295792
605;0.91273;0.907216;0.00551414
606;1.01816;1.01833;-0.000166142
607;0.98856;0.988809;-0.000248899
608;0.952978;0.947649;0.00532941
609;0.988407;0.988656;-0.000248931
610;1.07543;1.07574;-0.00030952
611;1.0203;1.02061;-0.000304615
612;0.977383;0.971427;0.00595566
613;1.07375;1.07407;-0.000322721
614;1.01718;1.01747;-0.000292505
615;0.9732;0.96719;0.00601009
616;1.07351;1.07383;-0.000322967
617;1.01681;1.0171;-0.000292547
618;0.973079;0.967067;0.00601148
619;1.07543;1.07574;-0.000309522
620;1.03889;1.03926;-0.000367372
621;0.982151;0.982558;-0.000407262
622;0.936843;0.931673;0.00516987
623;0.955834;0.956459;-0.000625092
624;0.896799;0.903411;-0.00661255
625;0.8363;0.926389;-0.0900881
626;1.03883;1.03889;-6.45208e-05
627;1.0181;1.0183;-0.000204305
628;0.99005;0.984916;0.00513416
629;1.07669;1.07699;-0.000299483
630;1.02268;1.023;-0.000314247
631;0.980541;0.974627;0.00591403
