1,0,800,802,1,699.02448024,0.020000
1,0,800,802,2,664.00406405,0.020000
1,0,800,802,3,675.08444976,0.020000
1,0,802,800,1,-697.74896341,0.020000
1,0,802,800,2,-663.01569778,0.020000
1,0,802,800,3,-673.85084547,0.020000
1,0,802,806,1,697.74896342,0.020000
1,0,802,806,2,648.01569778,0.020000
1,0,802,806,3,661.35084547,0.020000
1,0,806,802,1,-696.89022491,0.020000
1,0,806,802,2,-647.39389986,0.020000
1,0,806,802,3,-660.55175547,0.020000
1,0,806,808,1,696.89022493,0.020000
1,0,806,808,2,632.39389987,0.020000
1,0,806,808,3,648.05175548,0.020000
1,0,808,806,1,-680.82741115,0.020000
1,0,808,806,2,-621.54971800,0.020000
1,0,808,806,3,-633.68051557,0.020000
1,0,808,810,2,8.00112998,0.020000
1,0,808,812,1,680.82741119,0.020000
1,0,808,812,2,605.54858804,0.020000
1,0,808,812,3,633.68051558,0.020000
1,0,810,808,2,-8.00000000,0.020000
1,0,812,808,1,-662.23993461,0.020000
1,0,812,808,2,-593.78727028,0.020000
1,0,812,808,3,-616.77006804,0.020000
1,0,812,814,1,662.23993464,0.020000
1,0,812,814,2,593.78727029,0.020000
1,0,812,814,3,616.77006805,0.020000
1,0,814,812,1,-647.50378109,0.020000
1,0,814,812,2,-584.46289811,0.020000
1,0,814,812,3,-603.36346265,0.020000
1,0,814,8140,1,647.50378081,0.020000
1,0,814,8140,2,584.46289787,0.020000
1,0,814,8140,3,603.36346266,0.020000
1,0,816,818,1,172.89046177,0.020000
1,0,816,824,1,474.41063867,0.020000
1,0,816,824,2,581.80946665,0.020000
1,0,816,824,3,603.16500573,0.020000
1,0,816,850,1,-647.30110044,0.020000
1,0,816,850,2,-584.30946664,0.020000
1,0,816,850,3,-603.16500572,0.020000
1,0,818,816,1,-172.73617212,0.020000
1,0,818,820,1,155.73617212,0.020000
1,0,820,818,1,-152.19999233,0.020000
1,0,820,822,1,67.69999234,0.020000
1,0,822,820,1,-67.50000000,0.020000
1,0,824,816,1,-471.35322412,0.020000
1,0,824,816,2,-576.27307880,0.020000
1,0,824,816,3,-597.05851310,0.020000
1,0,824,826,2,20.00383559,0.020000
1,0,824,828,1,471.35322413,0.020000
1,0,824,828,2,533.76924322,0.020000
1,0,824,828,3,595.05851311,0.020000
1,0,826,824,2,-20.00000000,0.020000
1,0,828,824,1,-471.10421761,0.020000
1,0,828,824,2,-533.38867653,0.020000
1,0,828,824,3,-594.54743919,0.020000
1,0,828,830,1,467.60421762,0.020000
1,0,828,830,2,533.38867655,0.020000
1,0,828,830,3,592.54743920,0.020000
1,0,830,828,1,-461.64296578,0.020000
1,0,830,828,2,-524.10692532,0.020000
1,0,830,828,3,-580.21709555,0.020000
1,0,830,854,1,448.14296580,0.020000
1,0,830,854,2,514.10692534,0.020000
1,0,830,854,3,555.21709555,0.020000
1,0,832,858,1,267.78161027,0.020000
1,0,832,858,2,330.05317622,0.020000
1,0,832,858,3,374.77453235,0.020000
1,0,832,8520,1,-437.80387055,0.020000
1,0,832,8520,2,-494.11801001,0.020000
1,0,832,8520,3,-534.67260012,0.020000
1,0,832,888,1,166.52225985,0.020000
1,0,832,888,2,163.06483342,0.020000
1,0,832,888,3,156.89806783,0.020000
1,0,834,860,1,85.03539097,0.020000
1,0,834,860,2,99.06706301,0.020000
1,0,834,860,3,126.07296233,0.020000
1,0,834,842,1,164.24683233,0.020000
1,0,834,842,2,203.23992796,0.020000
1,0,834,842,3,175.23611347,0.020000
1,0,834,858,1,-259.28222329,0.020000
1,0,834,858,2,-319.80699098,0.020000
1,0,834,858,3,-362.80907580,0.020000
1,0,836,840,1,18.00065848,0.020000
1,0,836,840,2,20.00062814,0.020000
1,0,836,840,3,9.00016037,0.020000
1,0,836,862,1,-0.00000012,0.020000
1,0,836,862,2,28.00250231,0.020000
1,0,836,862,3,-0.00000009,0.020000
1,0,836,860,1,-42.00065835,0.020000
1,0,836,860,2,-64.00313045,0.020000
1,0,836,860,3,-30.00016028,0.020000
1,0,838,862,2,-14.00000000,0.020000
1,0,840,836,1,-18.00000000,0.020000
1,0,840,836,2,-20.00000000,0.020000
1,0,840,836,3,-9.00000000,0.020000
1,0,842,834,1,-164.22740172,0.020000
1,0,842,834,2,-203.21751807,0.020000
1,0,842,834,3,-175.21591608,0.020000
1,0,842,844,1,159.72740173,0.020000
1,0,842,844,2,203.21751807,0.020000
1,0,842,844,3,175.21591608,0.020000
1,0,844,842,1,-159.63571016,0.020000
1,0,844,842,2,-203.10885603,0.020000
1,0,844,842,3,-175.11822330,0.020000
1,0,844,846,1,20.13571019,0.020000
1,0,844,846,2,55.60885607,0.020000
1,0,844,846,3,30.11822329,0.020000
1,0,846,844,1,-20.01817292,0.020000
1,0,846,844,2,-55.51377769,0.020000
1,0,846,844,3,-30.01533682,0.020000
1,0,846,848,1,20.01817292,0.020000
1,0,846,848,2,31.51377770,0.020000
1,0,846,848,3,20.01533682,0.020000
1,0,848,846,1,-19.99999999,0.020000
1,0,848,846,2,-31.49999996,0.020000
1,0,848,846,3,-20.00000001,0.020000
1,0,850,8140,1,-647.49744733,0.020000
1,0,850,8140,2,-584.45810340,0.020000
1,0,850,8140,3,-603.35726087,0.020000
1,0,850,816,1,647.49744733,0.020000
1,0,850,816,2,584.45810340,0.020000
1,0,850,816,3,603.35726088,0.020000
1,0,852,854,1,-437.80623832,0.020000
1,0,852,854,2,-494.12176524,0.020000
1,0,852,854,3,-534.67734565,0.020000
1,0,852,8520,1,437.80623772,0.020000
1,0,852,8520,2,494.12176450,0.020000
1,0,852,8520,3,534.67734573,0.020000
1,0,854,830,1,-447.99890115,0.020000
1,0,854,830,2,-513.88029603,0.020000
1,0,854,830,3,-554.93183274,0.020000
1,0,854,856,2,2.00030700,0.020000
1,0,854,852,1,447.99890117,0.020000
1,0,854,852,2,509.87998905,0.020000
1,0,854,852,3,554.93183276,0.020000
1,0,856,854,2,-2.00000000,0.020000
1,0,858,832,1,-267.31544548,0.020000
1,0,858,832,2,-329.23417021,0.020000
1,0,858,832,3,-373.61839040,0.020000
1,0,858,864,1,1.00000451,0.020000
1,0,858,834,1,259.81544097,0.020000
1,0,858,834,2,320.73417021,0.020000
1,0,858,834,3,364.11839040,0.020000
1,0,860,834,1,-85.01142431,0.020000
1,0,860,834,2,-99.02401516,0.020000
1,0,860,834,3,-126.00409440,0.020000
1,0,860,836,1,42.01142433,0.020000
1,0,860,836,2,64.02401515,0.020000
1,0,860,836,3,30.00409439,0.020000
1,0,862,836,1,-0.00000001,0.020000
1,0,862,836,2,-28.00203472,0.020000
1,0,862,836,3,0.00000000,0.020000
1,0,862,838,2,14.00203472,0.020000
1,0,864,858,1,-1.00000000,0.020000
1,0,888,890,1,162.97046747,0.020000
1,0,888,890,2,159.09922361,0.020000
1,0,888,890,3,153.36060383,0.020000
1,0,888,832,1,-162.97046732,0.020000
1,0,888,832,2,-159.09922391,0.020000
1,0,888,832,3,-153.36060368,0.020000
1,0,890,888,1,-149.99999910,0.020000
1,0,890,888,2,-149.99999909,0.020000
1,0,890,888,3,-150.00000019,0.020000
1,0,8140,850,1,647.50378109,0.020000
1,0,8140,850,2,584.46289812,0.020000
1,0,8140,850,3,603.36346267,0.020000
1,0,8140,814,1,-647.50378081,0.020000
1,0,8140,814,2,-584.46289787,0.020000
1,0,8140,814,3,-603.36346266,0.020000
1,0,8520,832,1,437.80623836,0.020000
1,0,8520,832,2,494.12176526,0.020000
1,0,8520,832,3,534.67734568,0.020000
1,0,8520,852,1,-437.80623772,0.020000
1,0,8520,852,2,-494.12176450,0.020000
1,0,8520,852,3,-534.67734573,0.020000
1,1,800,802,1,139.10221350,0.020000
1,1,800,802,2,154.98791659,0.020000
1,1,800,802,3,163.28447346,0.020000
1,1,802,800,1,-138.19956129,0.020000
1,1,802,800,2,-154.18447709,0.020000
1,1,802,800,3,-162.39379017,0.020000
1,1,802,806,1,138.19956129,0.020000
1,1,802,806,2,146.68447709,0.020000
1,1,802,806,3,155.39379017,0.020000
1,1,806,802,1,-137.58621044,0.020000
1,1,806,802,2,-146.17202344,0.020000
1,1,806,802,3,-154.82718712,0.020000
1,1,806,808,1,137.58621042,0.020000
1,1,806,808,2,138.67202344,0.020000
1,1,806,808,3,147.82718711,0.020000
1,1,808,806,1,-126.00871540,0.020000
1,1,808,806,2,-129.59995008,0.020000
1,1,808,806,3,-137.82891481,0.020000
1,1,808,810,2,4.00057591,0.020000
1,1,808,812,1,126.00871537,0.020000
1,1,808,812,2,121.59937416,0.020000
1,1,808,812,3,137.82891480,0.020000
1,1,810,808,2,-4.00000000,0.020000
1,1,812,808,1,-112.30993062,0.020000
1,1,812,808,2,-111.76863316,0.020000
1,1,812,808,3,-126.22419673,0.020000
1,1,812,814,1,112.30993060,0.020000
1,1,812,814,2,111.76863315,0.020000
1,1,812,814,3,126.22419672,0.020000
1,1,814,812,1,-101.44952289,0.020000
1,1,814,812,2,-103.97481467,0.020000
1,1,814,812,3,-117.02396662,0.020000
1,1,814,8140,1,101.44952290,0.020000
1,1,814,8140,2,103.97481468,0.020000
1,1,814,8140,3,117.02396666,0.020000
1,1,816,818,1,89.06414045,0.020000
1,1,816,824,1,9.89239881,0.020000
1,1,816,824,2,100.85434710,0.020000
1,1,816,824,3,114.65179353,0.020000
1,1,816,850,1,-98.95653928,0.020000
1,1,816,850,2,-101.85434711,0.020000
1,1,816,850,3,-114.65179353,0.020000
1,1,818,816,1,-88.98227677,0.020000
1,1,818,820,1,80.48227677,0.020000
1,1,820,818,1,-78.60606766,0.020000
1,1,820,822,1,35.10606766,0.020000
1,1,822,820,1,-35.00000000,0.020000
1,1,824,816,1,-8.52472386,0.020000
1,1,824,816,2,-98.44361265,0.020000
1,1,824,816,3,-110.96835211,0.020000
1,1,824,826,2,10.00202339,0.020000
1,1,824,828,1,8.52472385,0.020000
1,1,824,828,2,77.44158925,0.020000
1,1,824,828,3,109.96835211,0.020000
1,1,826,824,2,-10.00000000,0.020000
1,1,828,824,1,-8.40139584,0.020000
1,1,828,824,2,-77.28355873,0.020000
1,1,828,824,3,-109.66983629,0.020000
1,1,828,830,1,6.90139583,0.020000
1,1,828,830,2,77.28355872,0.020000
1,1,828,830,3,108.66983629,0.020000
1,1,830,828,1,-3.96299115,0.020000
1,1,830,828,2,-73.42809353,0.020000
1,1,830,828,3,-101.44231926,0.020000
1,1,830,854,1,-2.53700886,0.020000
1,1,830,854,2,68.42809352,0.020000
1,1,830,854,3,91.44231925,0.020000
1,1,832,858,1,-100.68664796,0.020000
1,1,832,858,2,-40.64777907,0.020000
1,1,832,858,3,-1.60652111,0.020000
1,1,832,8520,1,8.59658553,0.020000
1,1,832,8520,2,-58.27844511,0.020000
1,1,832,8520,3,-77.67061243,0.020000
1,1,832,888,1,90.59006277,0.020000
1,1,832,888,2,98.42622446,0.020000
1,1,832,888,3,77.77713362,0.020000
1,1,834,860,1,51.01296841,0.020000
1,1,834,860,2,59.03421541,0.020000
1,1,834,860,3,72.54456435,0.020000
1,1,834,842,1,-160.79058933,0.020000
1,1,834,842,2,-113.81963540,0.020000
1,1,834,842,3,-111.60721404,0.020000
1,1,834,858,1,104.77762092,0.020000
1,1,834,858,2,45.78542001,0.020000
1,1,834,858,3,8.06264970,0.020000
1,1,836,840,1,11.50024541,0.020000
1,1,836,840,2,12.50045880,0.020000
1,1,836,840,3,7.00003591,0.020000
1,1,836,862,1,-0.00000184,0.020000
1,1,836,862,2,14.00183160,0.020000
1,1,836,862,3,-0.00000139,0.020000
1,1,836,860,1,-23.50024357,0.020000
1,1,836,860,2,-35.00229040,0.020000
1,1,836,860,3,-18.00003453,0.020000
1,1,838,862,2,-7.00000000,0.020000
1,1,840,836,1,-11.50000000,0.020000
1,1,840,836,2,-12.50000000,0.020000
1,1,840,836,3,-7.00000000,0.020000
1,1,842,834,1,160.80003561,0.020000
1,1,842,834,2,113.82978306,0.020000
1,1,842,834,3,111.61822705,0.020000
1,1,842,844,1,-163.30003561,0.020000
1,1,842,844,2,-113.82978306,0.020000
1,1,842,844,3,-111.61822705,0.020000
1,1,844,842,1,163.34516557,0.020000
1,1,844,842,2,113.87800636,0.020000
1,1,844,842,3,111.67202979,0.020000
1,1,844,846,1,-156.12433204,0.020000
1,1,844,846,2,-121.70862952,0.020000
1,1,844,846,3,-124.70896475,0.020000
1,1,846,844,1,156.18471241,0.020000
1,1,846,844,2,121.74898762,0.020000
1,1,846,844,3,124.76282625,0.020000
1,1,846,848,1,-156.18471240,0.020000
1,1,846,848,2,-133.24898762,0.020000
1,1,846,848,3,-130.26282625,0.020000
1,1,848,846,1,156.19350190,0.020000
1,1,848,846,2,133.25601473,0.020000
1,1,848,846,3,130.27032812,0.020000
1,1,850,8140,1,-99.05412518,0.020000
1,1,850,8140,2,-101.93130318,0.020000
1,1,850,8140,3,-114.74472924,0.020000
1,1,850,816,1,99.05412519,0.020000
1,1,850,816,2,101.93130319,0.020000
1,1,850,816,3,114.74472926,0.020000
1,1,852,854,1,7.59799504,0.020000
1,1,852,854,2,-59.70424753,0.020000
1,1,852,854,3,-79.44563557,0.020000
1,1,852,8520,1,-7.59799497,0.020000
1,1,852,8520,2,59.70424763,0.020000
1,1,852,8520,3,79.44563567,0.020000
1,1,854,830,1,2.60684548,0.020000
1,1,854,830,2,-68.33228627,0.020000
1,1,854,830,3,-91.27516803,0.020000
1,1,854,856,2,1.00007483,0.020000
1,1,854,852,1,-2.60684550,0.020000
1,1,854,852,2,66.33221141,0.020000
1,1,854,852,3,91.27516802,0.020000
1,1,856,854,2,-1.00000000,0.020000
1,1,858,832,1,100.96139980,0.020000
1,1,858,832,2,40.94729306,0.020000
1,1,858,832,3,2.29008260,0.020000
1,1,858,864,1,0.49999518,0.020000
1,1,858,834,1,-104.46139497,0.020000
1,1,858,834,2,-45.44729305,0.020000
1,1,858,834,3,-7.29008261,0.020000
1,1,860,834,1,-51.00291721,0.020000
1,1,860,834,2,-59.01655006,0.020000
1,1,860,834,3,-72.50195239,0.020000
1,1,860,836,1,23.50291721,0.020000
1,1,860,836,2,35.01655008,0.020000
1,1,860,836,3,18.00195239,0.020000
1,1,862,836,1,0.00000001,0.020000
1,1,862,836,2,-14.00148476,0.020000
1,1,862,836,3,0.00000000,0.020000
1,1,862,838,2,7.00148476,0.020000
1,1,864,858,1,-0.50000000,0.020000
1,1,888,890,1,82.96305573,0.020000
1,1,888,890,2,89.91060029,0.020000
1,1,888,890,3,70.18089517,0.020000
1,1,888,832,1,-82.96305565,0.020000
1,1,888,832,2,-89.91059983,0.020000
1,1,888,832,3,-70.18089480,0.020000
1,1,890,888,1,-74.99999979,0.020000
1,1,890,888,2,-74.99999985,0.020000
1,1,890,888,3,-75.00000060,0.020000
1,1,8140,850,1,99.05727311,0.020000
1,1,8140,850,2,101.93378563,0.020000
1,1,8140,850,3,114.74772717,0.020000
1,1,8140,814,1,-99.05727318,0.020000
1,1,8140,814,2,-101.93378571,0.020000
1,1,8140,814,3,-114.74772723,0.020000
1,1,8520,832,1,-8.59543821,0.020000
1,1,8520,832,2,58.28003168,0.020000
1,1,8520,832,3,77.67339555,0.020000
1,1,8520,852,1,8.59543817,0.020000
1,1,8520,852,2,-58.28003178,0.020000
1,1,8520,852,3,-77.67339566,0.020000
1,2,800,-1,1,-699.02448024,0.020000
1,2,800,-1,2,-664.00406405,0.020000
1,2,800,-1,3,-675.08444976,0.020000
1,2,802,-1,1,-0.00000000,0.020000
1,2,802,-1,2,15.00000000,0.020000
1,2,802,-1,3,12.50000000,0.020000
1,2,806,-1,1,-0.00000002,0.020000
1,2,806,-1,2,14.99999999,0.020000
1,2,806,-1,3,12.50000000,0.020000
1,2,808,-1,1,-0.00000003,0.020000
1,2,808,-1,2,7.99999998,0.020000
1,2,808,-1,3,-0.00000001,0.020000
1,2,810,-1,2,8.00000000,0.020000
1,2,812,-1,1,-0.00000003,0.020000
1,2,812,-1,2,-0.00000001,0.020000
1,2,812,-1,3,-0.00000001,0.020000
1,2,814,-1,1,0.00000028,0.020000
1,2,814,-1,2,0.00000023,0.020000
1,2,814,-1,3,-0.00000002,0.020000
1,2,816,-1,1,-0.00000001,0.020000
1,2,816,-1,2,2.49999999,0.020000
1,2,816,-1,3,-0.00000000,0.020000
1,2,818,-1,1,17.00000000,0.020000
1,2,820,-1,1,84.50000000,0.020000
1,2,822,-1,1,67.50000000,0.020000
1,2,824,-1,1,-0.00000000,0.020000
1,2,824,-1,2,22.49999999,0.020000
1,2,824,-1,3,2.00000000,0.020000
1,2,826,-1,2,20.00000000,0.020000
1,2,828,-1,1,3.49999999,0.020000
1,2,828,-1,2,-0.00000002,0.020000
1,2,828,-1,3,1.99999999,0.020000
1,2,830,-1,1,13.49999999,0.020000
1,2,830,-1,2,9.99999998,0.020000
1,2,830,-1,3,24.99999999,0.020000
1,2,832,-1,1,3.50000043,0.020000
1,2,832,-1,2,1.00000038,0.020000
1,2,832,-1,3,2.99999993,0.020000
1,2,834,-1,1,9.99999999,0.020000
1,2,834,-1,2,17.50000001,0.020000
1,2,834,-1,3,61.50000000,0.020000
1,2,836,-1,1,23.99999999,0.020000
1,2,836,-1,2,16.00000000,0.020000
1,2,836,-1,3,21.00000000,0.020000
1,2,838,-1,2,14.00000000,0.020000
1,2,840,-1,1,18.00000000,0.020000
1,2,840,-1,2,20.00000000,0.020000
1,2,840,-1,3,9.00000000,0.020000
1,2,842,-1,1,4.50000000,0.020000
1,2,842,-1,2,-0.00000000,0.020000
1,2,842,-1,3,-0.00000000,0.020000
1,2,844,-1,1,139.49999997,0.020000
1,2,844,-1,2,147.49999997,0.020000
1,2,844,-1,3,145.00000000,0.020000
1,2,846,-1,1,0.00000000,0.020000
1,2,846,-1,2,24.00000000,0.020000
1,2,846,-1,3,10.00000000,0.020000
1,2,848,-1,1,19.99999999,0.020000
1,2,848,-1,2,31.49999996,0.020000
1,2,848,-1,3,20.00000001,0.020000
1,2,850,-1,1,0.00000000,0.020000
1,2,850,-1,2,-0.00000001,0.020000
1,2,850,-1,3,-0.00000001,0.020000
1,2,852,-1,1,0.00000060,0.020000
1,2,852,-1,2,0.00000074,0.020000
1,2,852,-1,3,-0.00000008,0.020000
1,2,854,-1,1,-0.00000002,0.020000
1,2,854,-1,2,1.99999997,0.020000
1,2,854,-1,3,-0.00000002,0.020000
1,2,856,-1,2,2.00000000,0.020000
1,2,858,-1,1,6.50000000,0.020000
1,2,858,-1,2,8.50000000,0.020000
1,2,858,-1,3,9.50000000,0.020000
1,2,860,-1,1,42.99999998,0.020000
1,2,860,-1,2,35.00000001,0.020000
1,2,860,-1,3,96.00000000,0.020000
1,2,862,-1,1,0.00000001,0.020000
1,2,862,-1,2,14.00000000,0.020000
1,2,862,-1,3,-0.00000000,0.020000
1,2,864,-1,1,1.00000000,0.020000
1,2,888,-1,1,-0.00000015,0.020000
1,2,888,-1,2,0.00000030,0.020000
1,2,888,-1,3,-0.00000015,0.020000
1,2,890,-1,1,149.99999910,0.020000
1,2,890,-1,2,149.99999909,0.020000
1,2,890,-1,3,150.00000019,0.020000
1,2,8140,-1,1,-0.00000028,0.020000
1,2,8140,-1,2,-0.00000025,0.020000
1,2,8140,-1,3,-0.00000000,0.020000
1,2,8520,-1,1,-0.00000064,0.020000
1,2,8520,-1,2,-0.00000076,0.020000
1,2,8520,-1,3,0.00000004,0.020000
1,3,800,-1,1,-139.10221350,0.020000
1,3,800,-1,2,-154.98791659,0.020000
1,3,800,-1,3,-163.28447346,0.020000
1,3,802,-1,1,0.00000000,0.020000
1,3,802,-1,2,7.50000000,0.020000
1,3,802,-1,3,7.00000000,0.020000
1,3,806,-1,1,0.00000001,0.020000
1,3,806,-1,2,7.50000000,0.020000
1,3,806,-1,3,7.00000000,0.020000
1,3,808,-1,1,0.00000003,0.020000
1,3,808,-1,2,4.00000001,0.020000
1,3,808,-1,3,0.00000001,0.020000
1,3,810,-1,2,4.00000000,0.020000
1,3,812,-1,1,0.00000002,0.020000
1,3,812,-1,2,0.00000001,0.020000
1,3,812,-1,3,0.00000001,0.020000
1,3,814,-1,1,-0.00000002,0.020000
1,3,814,-1,2,-0.00000001,0.020000
1,3,814,-1,3,-0.00000004,0.020000
1,3,816,-1,1,0.00000001,0.020000
1,3,816,-1,2,1.00000001,0.020000
1,3,816,-1,3,0.00000000,0.020000
1,3,818,-1,1,8.50000000,0.020000
1,3,820,-1,1,43.50000000,0.020000
1,3,822,-1,1,35.00000000,0.020000
1,3,824,-1,1,0.00000001,0.020000
1,3,824,-1,2,11.00000001,0.020000
1,3,824,-1,3,1.00000000,0.020000
1,3,826,-1,2,10.00000000,0.020000
1,3,828,-1,1,1.50000001,0.020000
1,3,828,-1,2,0.00000001,0.020000
1,3,828,-1,3,1.00000000,0.020000
1,3,830,-1,1,6.50000001,0.020000
1,3,830,-1,2,5.00000001,0.020000
1,3,830,-1,3,10.00000001,0.020000
1,3,832,-1,1,1.49999966,0.020000
1,3,832,-1,2,0.49999972,0.020000
1,3,832,-1,3,1.49999992,0.020000
1,3,834,-1,1,5.00000000,0.020000
1,3,834,-1,2,8.99999998,0.020000
1,3,834,-1,3,31.00000000,0.020000
1,3,836,-1,1,12.00000000,0.020000
1,3,836,-1,2,8.50000000,0.020000
1,3,836,-1,3,11.00000000,0.020000
1,3,838,-1,2,7.00000000,0.020000
1,3,840,-1,1,11.50000000,0.020000
1,3,840,-1,2,12.50000000,0.020000
1,3,840,-1,3,7.00000000,0.020000
1,3,842,-1,1,2.50000000,0.020000
1,3,842,-1,2,0.00000000,0.020000
1,3,842,-1,3,0.00000000,0.020000
1,3,844,-1,1,107.50000001,0.020000
1,3,844,-1,2,111.00000000,0.020000
1,3,844,-1,3,110.49999999,0.020000
1,3,846,-1,1,-0.00000000,0.020000
1,3,846,-1,2,11.50000000,0.020000
1,3,846,-1,3,5.50000000,0.020000
1,3,848,-1,1,16.00000007,0.020000
1,3,848,-1,2,21.50000006,0.020000
1,3,848,-1,3,15.99999999,0.020000
1,3,850,-1,1,-0.00000001,0.020000
1,3,850,-1,2,-0.00000001,0.020000
1,3,850,-1,3,-0.00000002,0.020000
1,3,852,-1,1,-0.00000007,0.020000
1,3,852,-1,2,-0.00000010,0.020000
1,3,852,-1,3,-0.00000009,0.020000
1,3,854,-1,1,0.00000002,0.020000
1,3,854,-1,2,1.00000002,0.020000
1,3,854,-1,3,0.00000001,0.020000
1,3,856,-1,2,1.00000000,0.020000
1,3,858,-1,1,3.00000000,0.020000
1,3,858,-1,2,4.50000000,0.020000
1,3,858,-1,3,5.00000000,0.020000
1,3,860,-1,1,27.50000000,0.020000
1,3,860,-1,2,23.99999998,0.020000
1,3,860,-1,3,54.50000000,0.020000
1,3,862,-1,1,-0.00000001,0.020000
1,3,862,-1,2,7.00000000,0.020000
1,3,862,-1,3,-0.00000000,0.020000
1,3,864,-1,1,0.50000000,0.020000
1,3,888,-1,1,-0.00000008,0.020000
1,3,888,-1,2,-0.00000045,0.020000
1,3,888,-1,3,-0.00000037,0.020000
1,3,890,-1,1,74.99999979,0.020000
1,3,890,-1,2,74.99999985,0.020000
1,3,890,-1,3,75.00000060,0.020000
1,3,8140,-1,1,0.00000007,0.020000
1,3,8140,-1,2,0.00000008,0.020000
1,3,8140,-1,3,0.00000006,0.020000
1,3,8520,-1,1,0.00000004,0.020000
1,3,8520,-1,2,0.00000010,0.020000
1,3,8520,-1,3,0.00000011,0.020000
1,4,800,-1,1,15.09482279,0.010000
1,4,800,-1,2,15.09482279,0.010000
1,4,800,-1,3,15.09482279,0.010000
1,4,802,-1,1,15.06460315,0.010000
1,4,802,-1,2,15.06947719,0.010000
1,4,802,-1,3,15.06421831,0.010000
1,4,806,-1,1,15.04424152,0.010000
1,4,806,-1,2,15.05315836,0.010000
1,4,806,-1,3,15.04409734,0.010000
1,4,808,-1,1,14.66403828,0.010000
1,4,808,-1,2,14.76247384,0.010000
1,4,808,-1,3,14.67740096,0.010000
1,4,810,-1,2,14.76036344,0.010000
1,4,812,-1,1,14.22575369,0.010000
1,4,812,-1,2,14.44166209,0.010000
1,4,812,-1,3,14.24866646,0.010000
1,4,814,-1,1,13.88069077,0.010000
1,4,814,-1,2,14.18889114,0.010000
1,4,814,-1,3,13.91038319,0.010000
1,4,816,-1,1,14.90850087,0.010000
1,4,816,-1,2,14.61950450,0.010000
1,4,816,-1,3,14.33009299,0.010000
1,4,818,-1,1,14.89511247,0.010000
1,4,820,-1,1,14.55499158,0.010000
1,4,822,-1,1,14.51178253,0.010000
1,4,824,-1,1,14.81162306,0.010000
1,4,824,-1,2,14.47429536,0.010000
1,4,824,-1,3,14.17413637,0.010000
1,4,826,-1,2,14.47148601,0.010000
1,4,828,-1,1,14.80373132,0.010000
1,4,828,-1,2,14.46357956,0.010000
1,4,828,-1,3,14.16109485,0.010000
1,4,830,-1,1,14.61395257,0.010000
1,4,830,-1,2,14.20238716,0.010000
1,4,830,-1,3,13.84583363,0.010000
1,4,832,-1,1,15.43951175,0.010000
1,4,832,-1,2,14.68104641,0.010000
1,4,832,-1,3,14.29143089,0.010000
1,4,834,-1,1,15.40047527,0.010000
1,4,834,-1,2,14.60744053,0.010000
1,4,834,-1,3,14.19690801,0.010000
1,4,836,-1,1,15.39305365,0.010000
1,4,836,-1,2,14.59657391,0.010000
1,4,836,-1,3,14.18723589,0.010000
1,4,838,-1,2,14.59398207,0.010000
1,4,840,-1,1,15.39255614,0.010000
1,4,840,-1,2,14.59609254,0.010000
1,4,840,-1,3,14.18704742,0.010000
1,4,842,-1,1,15.39998786,0.010000
1,4,842,-1,2,14.60652546,0.010000
1,4,842,-1,3,14.19614828,0.010000
1,4,844,-1,1,15.39784227,0.010000
1,4,844,-1,2,14.60205982,0.010000
1,4,844,-1,3,14.19249508,0.010000
1,4,846,-1,1,15.40223636,0.010000
1,4,846,-1,2,14.60176029,0.010000
1,4,846,-1,3,14.19562237,0.010000
1,4,848,-1,1,15.40286360,0.010000
1,4,848,-1,2,14.60215180,0.010000
1,4,848,-1,3,14.19617054,0.010000
1,4,850,-1,1,14.91325565,0.010000
1,4,850,-1,2,14.62343954,0.010000
1,4,850,-1,3,14.33490647,0.010000
1,4,852,-1,1,14.27879226,0.010000
1,4,852,-1,2,13.74142106,0.010000
1,4,852,-1,3,13.30081894,0.010000
1,4,854,-1,1,14.60926784,0.010000
1,4,854,-1,2,14.19588940,0.010000
1,4,854,-1,3,13.83823961,0.010000
1,4,856,-1,2,14.19368398,0.010000
1,4,858,-1,1,15.42119914,0.010000
1,4,858,-1,2,14.64678767,0.010000
1,4,858,-1,3,14.24747994,0.010000
1,4,860,-1,1,15.39647924,0.010000
1,4,860,-1,2,14.60161046,0.010000
1,4,860,-1,3,14.18900707,0.010000
1,4,862,-1,1,15.39303447,0.010000
1,4,862,-1,2,14.59630637,0.010000
1,4,862,-1,3,14.18729724,0.010000
1,4,864,-1,1,15.42112867,0.010000
1,4,888,-1,1,2.48833602,0.010000
1,4,888,-1,2,2.35331735,0.010000
1,4,888,-1,3,2.29953909,0.010000
1,4,890,-1,1,2.28196001,0.010000
1,4,890,-1,2,2.15960399,0.010000
1,4,890,-1,3,2.28656263,0.010000
1,4,8140,-1,1,14.91340903,0.010000
1,4,8140,-1,2,14.62356648,0.010000
1,4,8140,-1,3,14.33506174,0.010000
1,4,8520,-1,1,15.43959442,0.010000
1,4,8520,-1,2,14.68116194,0.010000
1,4,8520,-1,3,14.29156570,0.010000
1,5,800,-1,1,0.00000000,0.001000
1,5,800,-1,2,-120.00000000,0.001000
1,5,800,-1,3,120.00000000,0.001000
1,5,802,-1,1,-0.05125990,0.001000
1,5,802,-1,2,-120.04694758,0.001000
1,5,802,-1,3,119.95241035,0.001000
1,5,806,-1,1,-0.08633297,0.001000
1,5,806,-1,2,-120.07824556,0.001000
1,5,806,-1,3,119.92126405,0.001000
1,5,808,-1,1,-0.76881416,0.001000
1,5,808,-1,2,-120.66834240,0.001000
1,5,808,-1,3,119.34238075,0.001000
1,5,810,-1,2,-120.66854069,0.001000
1,5,812,-1,1,-1.62931095,0.001000
1,5,812,-1,2,-121.36277642,0.001000
1,5,812,-1,3,118.63742594,0.001000
1,5,814,-1,1,-2.35000396,0.001000
1,5,814,-1,2,-121.93557462,0.001000
1,5,814,-1,3,118.04772548,0.001000
1,5,816,-1,1,-2.56276240,0.001000
1,5,816,-1,2,-122.13465125,0.001000
1,5,816,-1,3,117.83392766,0.001000
1,5,818,-1,1,-2.56338858,0.001000
1,5,820,-1,1,-2.57793496,0.001000
1,5,822,-1,1,-2.57955064,0.001000
1,5,824,-1,1,-2.72120925,0.001000
1,5,824,-1,2,-122.27477491,0.001000
1,5,824,-1,3,117.60009843,0.001000
1,5,826,-1,2,-122.27504412,0.001000
1,5,828,-1,1,-2.73565668,0.001000
1,5,828,-1,2,-122.28559238,0.001000
1,5,828,-1,3,117.58108055,0.001000
1,5,830,-1,1,-3.08939625,0.001000
1,5,830,-1,2,-122.55460435,0.001000
1,5,830,-1,3,117.10591122,0.001000
1,5,832,-1,1,-3.88996529,0.001000
1,5,832,-1,2,-123.24737421,0.001000
1,5,832,-1,3,116.01884153,0.001000
1,5,834,-1,1,-4.07530817,0.001000
1,5,834,-1,2,-123.39845323,0.001000
1,5,834,-1,3,115.78716003,0.001000
1,5,836,-1,1,-4.06970796,0.001000
1,5,836,-1,2,-123.39701459,0.001000
1,5,836,-1,3,115.78674092,0.001000
1,5,838,-1,2,-123.39879797,0.001000
1,5,840,-1,1,-4.06932389,0.001000
1,5,840,-1,2,-123.39716179,0.001000
1,5,840,-1,3,115.78707722,0.001000
1,5,842,-1,1,-4.08037964,0.001000
1,5,842,-1,2,-123.40332491,0.001000
1,5,842,-1,3,115.78160548,0.001000
1,5,844,-1,1,-4.10474126,0.001000
1,5,844,-1,2,-123.42674503,0.001000
1,5,844,-1,3,115.75460610,0.001000
1,5,846,-1,1,-4.14997022,0.001000
1,5,846,-1,2,-123.47095908,0.001000
1,5,846,-1,3,115.70430319,0.001000
1,5,848,-1,1,-4.15693570,0.001000
1,5,848,-1,2,-123.47724627,0.001000
1,5,848,-1,3,115.69721763,0.001000
1,5,850,-1,1,-2.55691980,0.001000
1,5,850,-1,2,-122.12979453,0.001000
1,5,850,-1,3,117.83909597,0.001000
1,5,852,-1,1,-3.75931823,0.001000
1,5,852,-1,2,-123.08441968,0.001000
1,5,852,-1,3,116.20496033,0.001000
1,5,854,-1,1,-3.09843224,0.001000
1,5,854,-1,2,-122.56179629,0.001000
1,5,854,-1,3,117.09383093,0.001000
1,5,856,-1,2,-122.56201193,0.001000
1,5,858,-1,1,-3.97443526,0.001000
1,5,858,-1,2,-123.31600461,0.001000
1,5,858,-1,3,115.91325394,0.001000
1,5,860,-1,1,-4.07317023,0.001000
1,5,860,-1,2,-123.39504831,0.001000
1,5,860,-1,3,115.78613732,0.001000
1,5,862,-1,1,-4.06942689,0.001000
1,5,862,-1,2,-123.39720236,0.001000
1,5,862,-1,3,115.78665394,0.001000
1,5,864,-1,1,-3.97444160,0.001000
1,5,888,-1,1,-5.45748476,0.001000
1,5,888,-1,2,-124.89084851,0.001000
1,5,888,-1,3,114.24020182,0.001000
1,5,890,-1,1,-5.87171366,0.001000
1,5,890,-1,2,-127.79802941,0.001000
1,5,890,-1,3,116.21493019,0.001000
1,5,8140,-1,1,-2.55673139,0.001000
1,5,8140,-1,2,-122.12963791,0.001000
1,5,8140,-1,3,117.83926263,0.001000
1,5,8520,-1,1,-3.88980911,0.001000
1,5,8520,-1,2,-123.24724341,0.001000
1,5,8520,-1,3,116.01906126,0.001000
